15

7206604678144

144

208656190521

15129

121

15241578750190521

975461057789971041

15241627639118169

15241578780673678515622620750190521

975461059740893157555403139789971041

152415787532388367504953515625666819450083828733760097552251181223112635269100015241588876695626775186709466270385625502210030437738149832525529662127724434100289590198780673698753238837762841030565035817735378753241425392470931290961772004267645087943911297546105808629782048750495351663801249845255296452413046792030056393881880810856075598232396311537918506325259738149672762566681955131839663400701113128821825991757354067063252553495076970028382868470725803993861332114065008382874388355434227584209785883249510700807804281329065749257735107038256363915073921712632220703375704923548818777676006706299713153483182563633639381191896050602042816308489602755677492388050602450053345566130163088725499162083798201529504648685062947721717543057492879134281400396281351287913456253619877737844840985032769419628105474075293400618777625383002591070412741960252522481346377076666750190519886267337309751562263087639079520012193273126047859425087639153757049236500533455762536198787501905199875019052100

7206604678144

9152324687831194092834914521

186755313003091766118189319724929

1 
