2   0.318     
1 0.3
2 0.09
6 0.714285
6 0.714285000
1 0.9999
9 0.123456789
8 0.987654321 
9 0.574454131
5 0.83777471
1 0.22222222
9 0.111111111
9 0.222222222
9 0.333333333
9 0.444444444   
9 0.555555555
9 0.666666666
9 0.777777777
9 0.888888888
9 0.999999999
9 0.000000000
1 0.200
8 0.200000000
8 0.020000000
0 0.3
0 0.5
0 0.55
1 0.55 
6 0.142857
0    0.9
1 0.9
6 0.076923
0 0.678453453
0 0.1
2 0.31818
9 0.345678993
2   0.25
1 0.3
0 0.3
0 0.0
5 0.99999
6 0.714285
0 0.5
0 0.35
1 0.111111111
  2   0.111111111
  3 0.111111111
  5 0.132456454
  6   0.456467879
  9 0.456467879
  7 0.456467879
  1 0.414141414
  9 0.414141414
  1 0.999999999
  1 0.507462687
  0 0.347826087
  3 0.935483871
  4 0.111111111
  0 0.166666667
  3 0.604166667
  3 0.642857143
  1 0.606060606
  1 0.258064516
  4 0.666666667
  3 0.973684211
  3 0.353658537
  1 0.454545455
  4 0.068965517
  0 0.077922078
  3 0.244186047
  0 0.333333333
  0 0.376623377
  3 0.123711340
  1 0.677777778
  1 0.820895522
  0 0.418918919
  2 1.000000000
  1 0.363636364
  0 0.076923077
  2 0.649122807
  2 0.638554217
  0 1.000000000
  3 0.238636364
  2 0.130434783
  0 0.191176471
  0 0.681318681
  0 0.169491525
  4 0.770833333
  3 0.431578947
  2 0.549450549
  1 0.270270270
  1 0.437500000
  4 0.809523810
  1 0.641509434
  4 0.473684211
  0 0.306818182
  2 0.301075269
  3 0.084337349
  1 0.588235294
  3 0.642857143
  1 0.686274510
  0 0.387755102
  1 0.030612245
  4 0.181818182
  4 0.022471910
  0 0.913978495
  3 0.264367816
  4 0.062500000
  0 0.310344828
  0 0.979591837
  1 0.908163265
  4 0.791666667
  2 0.413043478
  3 0.877777778
  2 0.637362637
  0 0.636363636
  1 0.058823529
  2 0.509090909
  1 0.720930233
  0 0.478260870
  2 0.363636364
  1 0.224489796
  1 0.212121212
  2 0.826086957
  4 0.160000000
  0 0.300000000
  4 0.693181818
  1 0.617977528
  3 0.023529412
  2 0.965909091
  1 0.298245614
  2 0.463768116
  4 0.235955056
  1 0.500000000
  4 0.791666667
  6 0.666666667
  0 0.111111111
  1 0.407407407
  3 0.933333333
  3 0.878048780
  4 0.666666667
  4 0.656250000
  6 0.166666667
  1 0.604166667
  7 0.117647059
  4 0.400000000
  0 0.258064516
  0 0.666666667
  3 0.973684211
  4 0.062500000
  6 0.363636364
  1 0.458333333
  3 0.428571429
  5 0.619047619
  5 0.480000000
  0 0.300000000
  5 0.289473684
  1 0.128205128
  7 0.057142857
  6 0.921052632
  2 0.411764706
  0 0.593750000
  2 0.538461538
  1 0.50000
  0 0.79167
  3 0.66667
  4 0.11111
  1 0.40741
  1 0.93333
  2 0.87805
  4 0.66667
  2 0.65625
  1 0.40000
  1 0.96552
  1 0.87500
  2 0.15789
  0 0.33333
  3 0.10870
  0 0.68966
  0 0.16667
  3 0.60417
  3 0.11765
  1 0.40000
  1 0.25806
  0 0.3158
  3 0.9444
  2 0.2222
  1 0.8667
  3 0.2222
  2 0.1000
  0 0.4667
  3 0.7857
  0 1.0000
  1 0.6667
  2 0.6364
  3 1.0000
  3 0.2308
  1 1.0000
  2 0.1250
  2 1.0000
  2 0.6154
  0 0.1818
  3 0.5263
  0 0.4706
  3 0.0667
  2 0.9091
  0 0.0000
  0 0.1250
  3 0.5000
  1 0.088
  1 0.474
  0 0.711
  2 0.651
  0 0.212
  0 0.588
  1 0.643
  2 0.029
  2 0.388
  2 0.063
  2 0.182
  2 0.051
  0 0.814
  0 0.622
  1 0.063
  0 0.444
  0 0.958
  2 0.813
  1 0.318
  0 0.905
  1 0.50
  0 0.79
  0 0.67
  0 0.11
  1 0.41
  1 0.93
  1 0.88
  0 0.67
  0 0.66
  0 0.40
  1 0.81
  0 0.63
  1 0.71
  0 0.27
  0 0.70
  0 0.27
  1 0.38
  0 0.58
  1 0.39
  1 0.97
  1 0.667
  0 0.750
  1 0.500
  1 0.833
  2 0.900
  0 0.000
  2 0.727
  0 0.316
  1 0.944
  2 0.222
  2 0.867
  1 0.222
  0 0.353
  2 0.167
  2 0.333
  0 0.529
  0 0.706
  1 0.100
  0 0.467
  0 0.786
  1 1.000
  0 0.667
  1 0.636
  1 1.000
  2 0.231
  2 1.000
  2 0.125
  2 0.130435
  4 0.722222
  0 0.292683
  5 0.900000
  0 0.770833
  1 0.642857
  2 0.028571
  2 0.387755
  2 0.062500
  -1
