204
1
2
3
4
5
6
7
8
9
10
11
12
13
14
15
16
17
18
19
20
21
22
23
24
25
26
27
28
29
30
31
32
33
34
35
36
37
38
39
40
41
42
43
44
45
46
47
48
49
50
51
52
53
54
55
56
57
58
59
60
61
62
63
64
65
66
67
68
69
70
71
72
73
74
75
76
77
78
79
80
81
82
83
84
85
86
87
88
89
90
91
92
93
94
95
96
97
98
99
950
951
952
953
954
955
956
957
958
959
960
961
962
963
964
965
966
967
968
969
970
971
972
973
974
975
976
977
978
979
980
981
982
983
984
985
986
987
988
989
990
991
992
993
994
995
996
997
998
999
1000
1001
1002
1003
1004
2147483598
2147483599
2147483600
2147483601
2147483602
2147483603
2147483604
2147483605
2147483606
2147483607
2147483608
2147483609
2147483610
2147483611
2147483612
2147483613
2147483614
2147483615
2147483616
2147483617
2147483618
2147483619
2147483620
2147483621
2147483622
2147483623
2147483624
2147483625
2147483626
2147483627
2147483628
2147483629
2147483630
2147483631
2147483632
2147483633
2147483634
2147483635
2147483636
2147483637
2147483638
2147483639
2147483640
2147483641
2147483642
2147483643
2147483644
2147483645
2147483646
2147483647
