5
18
14754 71960 93858 95004 95892 98587 122542 124203 137610 144033 158894 163858 189435 206078 215940 237463 248690 254015
10
68468 82963 98012 116545 201121 224901 249908 253558 258912 261648
10
11329 17067 26897 31329 61506 63270 166520 170930 177581 185710
20
136 511 12639 77920 78609 82681 85913 98149 110925 140555 141051 148939 160731 169316 173613 202074 206559 229199 247526 257100
33
13214 13351 13604 17950 18461 21033 27832 41659 44933 48719 49594 51581 53978 63138 68182 96149 104817 108788 111500 129708 130190 141037 141058 155391 167031 185492 189770 197413 214271 230301 245876 247368 248218
