900
1227171801744144
334701011779317001
3669239940959144484
906009703574976400
18883218893250625
415614071403802384
80127724739928100
217871271721181584
4190851283142706884
438014394197780481
2701500780380015524
4264571757719113681
1809618642923924889
7945412613057936
4157651268652419136
4136706445329123169
1187804240368519684
2246038852945889296
1475178973164691600
368277589786546521
3439676306029509225
2610704097010675600
466411161737290225
2868462611637562384
1819721150867923216
919520267115445636
4582292430015840400
1921167995361706116
2130170210721349696
587665166483154841
2154257531411810724
2233653628656790729
1809365898238465284
1527155404128751849
89343032701496401
2197933592664530704
3536139834458902225
338690779090588681
3799808602809170176
3168883804667451025
1547033509580728324
2089326887769168100
2882308225163274436
194953188898591369
2354958653974202116
2525825228297388004
107545218807529129
227498596081760641
884502423494412100
2379338139751853569
1174680788181378724
419428084318186329
1021704569062052841
3121475996152824489
37559470247864964
45063131680216225
334318107878150400
34949550965040100
2554699805409094561
4152273227060009536
909240841075346521
843822472998002404
1917588985938559129
22856688030961225
47551326688009
2834756191949190084
2669064671845836289
3562121775347161744
13962077220402756
2060813452278396321
2310432403473614281
1854933004108399504
538051770845935129
1145463353663189089
3252591654062604100
14550132488644900
262209613833221184
4543015871124317889
357116268979859481
2109883961542657444
2330085797822964736
2827169776215726529
4410741919201689600
151922396735984169
1691834178594488644
21460975468922500
362467841299332484
3530294302947538564
111184661056449600
2799701543786436
3129845155106911921
1656330006703492201
943832278550254864
1012888390174462096
2068330463742986496
957278408460663025
294429235660728921
854538880595449284
515927334943310761
436623036323332329
19295068835466050
1913511374625858175
1949141595945146949
1784610237601567191
2767089499586348328
1018960940286430196
1115347576666327602
502975192532822621
2190859930294294504
116815950802125576
3863901750698715500
501040536461776080
1413576221424016755
2367646931188550000
351822108923901434
1871977322946279945
985037101886945056
3292814892283308452
1113486132161616250
1034260349679611155
24423860422693065
2925291424417411986
1160198216325552669
3964044930913767639
2087024102597479487
1321508599336164635
3206230491114255320
493154001190564450
2835757746443184264
527873159128174230
2685943634394023328
664641451159592544
1017374066373410900
6212299554469241
2534283327345599440
147637032246863100
906604452958155102
379941253640412384
2695391537374522077
108545891710086878
1970498154037403862
1491163826310396627
1798037391528286080
922806309031003326
473265781757179768
1048788030183366142
610323879635491302
775209880831301960
2121795069398868969
807414120302406540
982296487966803450
2795514494285701116
91686339321265556
125852691762642432
65402411711982975
802755529646859972
95893638085873210
276885153022363928
2247416037061656879
511657376447595980
1230609789528076925
1965425524195664553
457527187388953506
4395075955452000
1291324148003835300
626824254042663422
74726295706780884
49885729734103806
565287593674107970
4304363788432268145
246631333460044885
150060127463462503
957364745504056182
1801492053922572582
416499128181540702
206771537578117224
1372275572589506000
968988566457721620
981393113361481180
80293554391780884
1841656951799005075
2694122940615253805
37244525449873667
2814286284142859952
775821304353238055
1950162621768544062
2221469974827344296
301924102918660948
1855276387371324384
286211013243131925
89528285143585950
1224187826632697688
2620673589039405200
1527504380800024482
2144217344225483376
1090087380932615950
472092859625137788
117737735756202009
2003321761874460664
718295586036298740
62100415362846029
470420224153525280
2313871043281016004
2014551228915483202
1927258666623431000
4294792259848062072
1323738085235608700
1164053660841810362
2986013995843672
54929391978130848
1521927690837507639
1852844935557380994
360634883531928100
74460227491377316
407549978363801868
1965823690364473480
927309639275834885
648067508582361308
1935844081374945258
1963571748983429040
409203292706721198
1693792710789688836
7873181502406740
407811037425986976
24058727278298250
1013233631982326456
357170523252980400
218051721745637014
747447482008007712
151956416441214616
845975653245631318
2944977466274698950
56266303063982085
2238143877566912268
1110182121272277648
1497633650020640034
626174217476769636
966047721419961374
3309452698130699488
3111952515924887847
167705903563295940
581966158403175876
462306383626411352
1779745311704688684
1626937844124790080
1481769388208168124
2494191431699741376
512651311820396980
2301190144718492550
1729738839318196105
20913865447972980
162751653714696796
637700534792909280
206507448878228888
740300896116368226
3558988382754924390
881373015986199840
202024301783095844
215794212430077696
5622167288341973
864467529655898440
1325624682885910270
2121300419207418075
2130143660485562160
441824852602760886
75755641957643403
1192375430953562050
69891067449587601
255193058976082051
357402481168681744
102253168585846812
1171088490146787136
1166633009810494128
707125853647096944
109778093816203638
2853779879100587800
87641942939405688
2382806101403689038
1016110947707012354
1247630145864740420
2158068264278025220
3454190700939355806
842765787619382898
3433226728490197587
9013990385170575
675313115250909219
526637380331647993
2984180149267375995
308308626023202399
490608034151215166
3552183965912149759
1070708635625605053
271880225033379808
856442834670642424
1693709397921107743
381444815930360000
74620943869311700
34255768968406466
270972026726809587
1727763143373154485
308166424074050152
1197436492359470992
567735693971489714
39193074335801165
1331369581171580790
2996322976348695865
219800747086994964
344738734632921720
999876582059129640
2238803817971716983
2254912913050931336
773893222253525124
2102628350796115632
793694022586826158
2332508834047882581
2672823501822518544
69472256037290604
248332605201894000
134769954476117327
99563338631154050
1509969519757498800
2986738819252749000
755818886413584262
140520818857872825
79742485966784776
2181065230469511540
2174253609952715836
792195270239863889
678363160856333700
491180185763410780
27051834417955347
28408727973251046
986357288000038750
912241522876156679
2818428517792386408
721351283763263388
1341480705085689020
38774292853245768
79706192177721330
1200883863213424089
328418188297145492
284744430070888882
306527967116304960
1395525773563298523
84915740793677112
592677268044638475
1331090390225571805
1051703107992088720
441470964091344289
2514154142284553750
961658003735637390
2919570608105716
205457099090677317
1110913852014566050
214301245370745586
1694816607405938016
3180777618514804600
3547777447083486941
1479204847807449280
1673893582691087056
407572320078047140
203609092354996161
1313145380883064924
712417498349149756
1997239739495567112
1347778160650718556
28124780553874160
1404163582430809288
162094322939072564
358800231029923810
207105001902452423
454424140467382131
74904048656878372
3352711548306687366
360643522080280154
2216866670137614268
1678657209152781165
1671485563807132625
2425033079582406867
2496617705069671104
283588807850617880
13298834427119514
1259325108897457992
3399610436774487450
153033924879598030
1589502323078360340
2550783360453170545
1785268365594976740
1111201776780374178
1686214527672663456
554432388350888312
885644872390776888
599469404929750165
3328833139885998712
2101067090434573888
1962987773852261498
936169422146475110
184778638384291596
3700198380734994996
127630394940665666
1355862565986577236
340902274077205558
1840021530224477275
4045770351528983187
852823729873519281
796147801636475268
339640418087750298
1252757549897032278
787917943859183862
822517716817791680
809941272434540619
2134334924095052133
897301895395939656
843248661303494976
916423919425884408
1308094492350749469
431299060629085333
137918351876907042
3115322871867708284
198496123973280180
272505071605715739
64904046416696970
28852603927430920
1111722018302079901
1806797829596638086
2138306047726998720
501206365434916279
1375122844222726994
418256271222578954
1737455900594634428
638301812094876655
862641814994700822
10336445786699340
677521751749486072
1067005076334997918
2775113783929874084
505451518914940659
340217614290781254
187940505700419274
2275065960096131160
666932619313457690
687905355976267690
251572190278223542
1751188485310277160
781986797541982536
2868183553022921978
39006746330066340
145717315131098550
1300918897012587935
2771914165355397806
798880051940057626
399800205660306888
1168877392148713893
934628526499749620
2579807518499507660
1479134335128700713
47060299614529872
1811182033382129532
1095311698546451326
2572163574588549728
1616737695454457160
782780165041763570
3074488949964274050
994922973058499520
584592085841883030
463175412902075076
2947034142933450624
2181857036463855300
29594199109888294
1336989030491016364
37857895241781174
1150875817470816015
8860929380869408
1518892726129561206
1359786531546543944
88583860274504448
650948360615482802
438222369713674948
261974080716856200
1565582620991143829
1703851590082815900
671200769228819361
267848738904286560
44948998096243120
435751500212795133
157599239123338040
887280772602584097
522019665114726141
1409346666971136949
151595673792984693
353416303392710500
312552079701154547
511059080019881775
1098344841623235680
286642589425810748
213016105987331280
1401719352275803572
524814799536659366
2572853771076862084
2141561943571274844
1471337519975762208
3714623764538352354
135377604285937280
1702152980924566860
3243097387125023733
3353245804464466500
2057961785363707600
870902833299815756
2893081303794615369
152195312811107736
576706545789253776
659653831136269512
470136249414083340
407449306542849711
285222637023102852
2418754642402888560
570083037781589900
718268463723045155
4361496163329196198
235747873725738156
3262909356833217872
989605738482867381
110424853402840718
2275686216859006250
3878326071147396267
910091855203456884
192184843624822056
1332629184500889975
669449619933327090
2864220479629512006
1764404904281797800
1346632204638098626
1992242656316966812
237649417217902567
578892777366245162
872571535579994422
1728434030450570
3412006361556683800
231177172768772560
1590327079374290078
2147309942348028054
2917060043501078634
70513769870180076
1645674411889376772
469179061236998700
2552951698886438184
3979259579203771757
1430795068661401432
2941085461874949285
2392717805127368032
1205783106590956025
681516189196282440
68669117256220026
1356367474068411936
720804442026378374
868393241528612202
176933769911853168
1885901641277226672
1080263398891794467
1840651205270691960
143758986350213484
312834782516838975
200600499988093986
2176730353020741840
464415700712209576
387042201670923036
2008553953182489174
40589057851660528
20909308394720092
917463601615165138
620702499479503296
491273289424009914
2020254718882872249
13613289244629408
1128909596737547840
2264419156080682224
933215490467325715
2803121077473263616
1222656448678699160
2618608091644387680
185216012845719408
330314392904689072
897150347027465125
779188010813923561
78251773876323724
1751135028844205825
3027635240442335680
1180968007122389606
694284045296819377
2359731275522061496
716521733812178712
1354091601323486970
1320036329475413844
155475988377426853
3181598502966216326
591202163059535366
1055454555660106146
731978990697136521
46691304715660412
2902544370128526704
143678014456288224
1607396162407422655
1254999439722009843
1216105550318387300
1028402327519339448
177735223428902608
150374020421469348
1304064364776426230
2701584541054003044
3414719275360373610
17495890048251632
484856958101118468
21698226466575600
2434653818024176460
42835182546219392
383477813957812905
736627042087625640
102279353789230524
174576593235966642
1330490839804917504
391320434605794638
520325605580646096
3679758957536897738
3360506242247059353
1669019417856007606
2915525680406854572
1218786716586505040
2253061865783219
1117121374194709388
1742084384092577952
2977988469635355381
1527703412398780772
1968038505827392496
171268264292243630
1461928251146679864
1885023114994740288
3558959707981170359
701266101888611022
213542773944063480
811509073086101689
1192840958706505600
358239306824128945
647066904712126560
208413751283457104
1528470857271270908
1737342024374153428
14887622369035590
63773850234553200
80173745194078188
105387654907862840
1109627522022884040
288453730246377792
700379653937865849
89106351359779617
1476303243028414416
436446078598191360
184872774034690625
2449745386251603257
695589811174934039
2571753465190513852
1000452814175578455
1236255844116703908
1411659213898727406
2994794091513571204
3029424754549618656
158958631504643700
516973976596149635
2060669178095454598
2281129662538387920
595186447392172740
764995310402975570
796183848456364140
291383142948864
1021463133485079975
133898470705404778
1730044600101577970
1983271718274308184
2070142127686695424
641716729607973681
1525163527551416508
205474104211327296
1232841298076751160
305329952827491501
656409946787119515
328121317242750460
167202456169486124
913994054580783897
1907675712235331137
379692312917833800
881413634628426455
1055297630216661724
1844534381444389830
2727747446768369567
710026380545894616
506013203478025060
764057299393950904
612622595663419670
2112608580143443200
2116212487451694148
1589700393399639248
2982880639528419360
1480300278401713533
650361989826831650
2340109570222609432
8096293585114588
497554809601383756
3091341315796432785
273330153471955668
3198425710642291870
66580478764596500
447036061102959270
1067934461658569075
2459660883067438765
297879983466581439
507758082447875310
1976858098161268014
2459999909906165430
191256315710924356
1648880707682255888
1505221012142441533
17408894420685667
2526913590167095374
3623806872748354072
265554893276344220
2708500191091319142
548698849714900528
4270036868406023580
2511299546970360384
2031429126761120130
2016118153546468425
1012497479196273190
692618263494364382
1204015734760716416
1054678085994128220
61625106558752685
3742526831443028600
785301355687531860
178583531123999508
2051970510407741848
1507736431654371204
650269253692421080
1158584117582740032
865417019347320740
769441778984577024
395495395354744704
2973984150079384064
504940178464193942
1249300252501829680
1542776237830438156
642990143761017390
91090757778861517
561032747376279255
3939526669824284958
1049788916348421929
297385802540808119
3182913353014538
1427615976017962445
1411067061848905320
513689375203396690
1980115149875761939
3304060916309412090
1030531252971530336
2175873521706465268
953091662971492286
234930571456899648
1620514604639927880
86868709915533084
904584524687736564
2210054170859340
2285408608706284593
1335572646879834308
2413403555882738991
134213382232674528
2111486467980362265
889145243377130930
478182475347081008
567663486946799400
115777602178301718
29614447541765124
782299520568448746
45644276841940702
2429953340341300018
405276754533078818
380289007229989808
205009582369494738
1457375999045286672
670075135194955500
974303575130234028
1603434487469402416
2754423679191289635
1045337297499495
458001587560116695
1147951543406341030
1702357638667187954
2363407679456411182
362102836800100032
430010767615370304
128258230142812266
193415763047643500
4153650978797092
2619223360761117767
1982783002942897441
995772924761016600
3045700117713612380
1254327507609351252
2044931057450872812
2139236464753705674
133390050239704320
1006994478409341534
2730679936793786322
3050316111232653692
1969961114886621093
3579843746005732384
3488466270156540048
341988861393399870
1910762166553819852
33925382586756815
737997100073476679
1511451532388262404
210749427448603620
2967166283451456848
425927398909318570
982659649195932500
2163596939747479608
438336990929785528
132255370833605808
101128833435337410
522455225058251901
3059426277071843578
3739379587019296911
3157654152727263822
1093291344741954102
580627021028295192
106326398828390715
110132868397702293
20623547963921693
3441329231266003725
1083137320893072914
115937264011130244
478694112260072678
1739256472751367648
1629187132539871610
1432472839799394240
3134992084753742775
206717406990417206
2512154083938367608
2932265107674459840
2592030870915098096
2616656543672985176
3563637819316270041
232535197460111910
189068453679026334
478094826038158848
1315855179634128100
1425800631350566710
86806192974675376
1295175764434039714
1109929890012037620
1636602241167640782
1063154234566456064
885551303694469654
3264863459999460600
1713154551736343157
1753921129472946978
936137694552144903
485360709783393600
112492940904128120
1278571995705592812
1592796038933362910
808363195122271970
747551198577289844
601170431143020277
985657364954939380
1858840389398640349
2628822739359368214
2509211120674734956
1357884194806574874
2018471505093215654
2090828632764811488
39701093340063750
440877184815394146
1321959335140775266
1815217684775872600
934980572935475451
1826652667871321129
1386802799986908108
948306299886365223
1592772632489907414
763129303522218852
180685439065857717
510483879178344236
497655817015528525
756005080034934189
66037588673419314
1017732948439846431
528725528706726207
2581273336609647880
393048953954887680
1403484976967141384
177072253181446762
