3
4
3 4 5 4
8
3 4 5 6 7 8 9 10
400
9 8 7 6 5 4 3 2 1 9 8 7 6 5 4 3 2 10 100 200
9 8 7 6 5 4 3 2 1 9 8 7 6 5 4 3 2 10 100 200
9 8 7 6 5 4 3 2 1 9 8 7 6 5 4 3 2 10 100 200
9 8 7 6 5 4 3 2 1 9 8 7 6 5 4 3 2 10 100 200
9 8 7 6 5 4 3 2 1 9 8 7 6 5 4 3 2 10 100 200
9 8 7 6 5 4 3 2 1 9 8 7 6 5 4 3 2 10 100 200
9 8 7 6 5 4 3 2 1 9 8 7 6 5 4 3 2 10 100 200
9 8 7 6 5 4 3 2 1 9 8 7 6 5 4 3 2 10 100 200
9 8 7 6 5 4 3 2 1 9 8 7 6 5 4 3 2 10 100 200
9 8 7 6 5 4 3 2 1 9 8 7 6 5 4 3 2 10 100 200
9 8 7 6 5 4 3 2 1 9 8 7 6 5 4 3 2 10 100 200
9 8 7 6 5 4 3 2 1 9 8 7 6 5 4 3 2 10 100 200
9 8 7 6 5 4 3 2 1 9 8 7 6 5 4 3 2 10 100 200
9 8 7 6 5 4 3 2 1 9 8 7 6 5 4 3 2 10 100 200
9 8 7 6 5 4 3 2 1 9 8 7 6 5 4 3 2 10 100 200
9 8 7 6 5 4 3 2 1 9 8 7 6 5 4 3 2 10 100 200
9 8 7 6 5 4 3 2 1 9 8 7 6 5 4 3 2 10 100 200
9 8 7 6 5 4 3 2 1 9 8 7 6 5 4 3 2 10 100 200
9 8 7 6 5 4 3 2 1 9 8 7 6 5 4 3 2 10 100 200
9 8 7 6 5 4 3 2 1 9 8 7 6 5 4 3 2 10 100 200
