2
41 334
30 23
4 19
29 25
13 7
22 17
27 37
18 6
32 29
38 23
40 14
18 26
7 27
1 27
21 24
29 7
29 22
2 19
2 34
1 32
7 17
14 23
28 33
21 33
16 19
32 17
3 15
2 10
36 9
32 3
11 16
37 22
1 40
32 38
28 5
21 35
16 37
28 34
27 2
22 9
26 2
16 14
23 28
39 19
21 20
35 31
13 32
32 32
31 14
18 24
17 19
14 40
34 32
36 1
9 19
20 18
32 36
25 37
15 15
34 24
13 37
29 29
20 28
2 21
4 9
27 21
19 22
15 2
2 13
31 11
28 12
7 12
9 20
35 33
15 25
21 27
15 29
15 10
31 36
3 16
36 36
18 31
32 15
27 32
3 35
8 19
32 31
9 16
7 40
24 2
31 21
10 5
16 6
41 25
1 7
3 4
36 39
14 21
13 29
22 2
20 16
7 29
5 10
10 17
21 11
33 33
39 10
15 2
28 14
20 16
19 30
27 23
2 13
41 2
3 16
33 24
13 22
33 39
15 18
28 1
36 35
5 22
23 33
5 21
36 11
40 25
8 15
27 28
29 11
26 29
13 31
13 18
17 25
3 6
6 33
28 33
13 2
35 32
13 37
6 41
26 9
23 4
31 33
2 11
41 18
9 30
8 12
38 21
28 24
16 41
32 36
37 2
36 3
39 32
32 7
16 5
8 16
10 40
9 39
17 13
1 8
21 26
7 8
34 18
17 35
29 8
9 9
13 26
17 5
12 12
16 7
24 29
27 23
22 35
7 38
6 39
25 9
19 27
3 33
28 11
18 21
29 15
41 28
33 2
13 18
24 5
35 28
11 8
2 20
18 33
32 10
18 24
11 17
8 36
5 15
37 38
11 24
13 24
27 12
29 4
10 39
25 13
23 3
24 37
28 26
35 1
26 20
36 13
10 38
11 5
1 16
1 6
31 13
27 13
18 16
15 16
29 27
29 41
36 12
37 13
15 23
1 32
5 40
36 39
2 14
32 7
14 2
16 32
3 3
20 1
17 20
5 34
33 6
17 35
8 28
11 14
6 23
23 11
8 10
26 20
26 11
14 16
6 40
3 30
30 8
29 25
17 5
10 35
30 9
38 28
2 37
18 7
19 7
19 2
21 29
39 3
20 7
7 12
2 25
34 12
36 31
38 21
16 11
21 8
36 4
40 19
25 39
5 19
20 3
33 25
27 1
9 30
2 5
31 16
27 3
36 25
4 21
33 34
41 21
24 15
33 37
35 24
1 17
21 41
24 22
24 12
2 9
15 33
7 6
10 6
30 35
16 4
37 35
14 7
23 39
34 37
19 15
33 27
26 22
4 12
25 8
18 28
19 28
33 34
39 27
20 2
7 27
20 37
4 5
2 33
30 27
41 37
23 10
31 32
4 9
19 34
22 30
16 36
31 40
25 10
11 28
14 5
2 19
25 35
29 6
32 26
22 17
28 33
25 5
13 17
12 28
18 33
30 33
34 33
1 19
41 334
5 19
26 13
34 20
14 27
34 17
4 3
21 26
17 25
31 8
26 2
31 4
37 39
33 7
1 25
4 25
4 1
16 8
30 29
17 10
26 4
6 9
37 31
14 26
35 12
14 5
9 20
17 5
12 4
30 8
34 12
14 33
1 40
27 31
40 30
35 4
15 27
16 1
27 10
23 32
36 22
41 38
2 5
8 19
28 13
24 39
32 23
21 37
27 33
23 8
12 27
12 17
17 26
37 28
20 4
26 18
15 14
19 27
6 16
28 28
28 34
15 12
9 18
9 35
1 35
23 34
9 14
41 34
22 27
33 36
13 41
16 17
4 27
3 36
24 10
2 30
41 10
28 18
13 8
4 38
30 15
29 26
20 40
26 30
25 3
2 17
35 39
24 19
15 40
8 28
16 39
7 11
30 17
26 36
35 1
16 31
17 25
24 5
34 37
39 10
28 19
16 1
22 23
21 41
27 36
33 29
41 1
19 1
38 30
32 4
36 31
15 8
12 12
9 40
8 7
25 8
8 37
18 41
40 31
26 38
27 26
28 19
19 27
17 8
13 18
9 7
15 7
18 23
23 28
36 28
35 32
27 20
21 4
34 3
2 21
7 18
37 28
15 35
3 16
33 31
40 15
21 1
25 15
3 41
29 7
40 39
17 23
26 26
30 39
18 20
38 31
20 25
20 35
9 36
28 24
38 3
3 26
1 19
18 29
37 3
41 6
30 36
22 18
15 16
35 10
2 33
18 33
26 23
17 39
21 37
39 3
30 17
37 2
30 30
33 14
21 26
22 34
11 11
26 2
13 25
18 19
11 16
38 37
34 38
33 16
20 15
33 30
33 9
40 29
3 22
8 33
26 25
35 29
32 36
21 19
39 3
21 39
36 10
7 19
34 31
4 39
30 15
23 39
26 21
3 23
15 28
13 10
38 1
36 6
26 30
33 17
16 25
35 12
32 11
41 41
40 25
39 5
2 28
10 22
3 27
15 12
22 19
19 27
34 20
9 15
32 18
2 2
15 8
18 38
37 5
31 19
24 37
24 30
10 25
13 35
5 15
35 27
15 28
9 15
29 7
27 19
22 21
29 28
24 36
1 7
26 21
16 32
20 10
34 41
36 32
7 7
36 2
29 41
16 9
17 39
18 4
26 2
31 39
33 15
24 15
35 34
26 8
19 12
11 4
37 13
20 8
9 4
4 14
24 39
37 21
24 40
1 13
11 11
27 31
5 4
39 9
18 41
11 23
29 36
8 24
31 26
30 29
1 41
38 35
14 26
24 33
7 40
9 26
16 19
24 35
3 22
23 22
5 22
17 36
18 35
20 26
13 9
8 8
1 15
40 4
39 14
12 24
9 6
26 22
18 26
8 8
31 22
2 30
24 36
29 18
4 2
10 7
16 16
32 19
25 16
32 32
15 24
29 4
26 23
9 13
20 2
25 16
4 12
6 26
5 28
29 36
4 8
26 41
20 19
35 16
7 3
26 25
30 23
6 13
27 14
