0
1
1
1
1
1
1
1
1
1
1
1
1
1
1
1
1
1
1
1
0
0
0
0
0
0
0
0
0
0
0
0
0
0
0
0
0
0
0
0
0
0
0
0
0
0
0
0
0
0
0
0
0
0
0
0
0
0
0
0
0
0
0
0
0
0
0
0
0
0
0
0
0
0
0
0
0
0
0
0
0
0
0
0
0
0
0
0
0
0
0
0
0
0
0
0
0
0
0
0
0
0
0
0
0
0
0
0
0
0
0
0
0
0
0
0
0
0
0
0
0
0
0
0
0
0
0
0
0
0
0
0
0
0
0
0
0
0
0
0
0
0
0
0
0
0
0
0
0
0
0
0
0
0
0
0
0
0
0
0
0
0
0
0
0
0
0
0
0
0
0
0
0
0
0
0
0
0
0
0
0
0
0
0
0
0
0
0
0
0
0
0
0
0
0
0
0
0
0
0
0
0
0
0
0
0
0
0
0
0
0
0
0
0
0
0
0
0
0
0
0
0
0
0
0
0
0
0
0
0
0
0
0
0
0
0
0
0
0
0
0
0
0
0
0
0
0
0
0
0
0
0
0
0
0
0
0
0
0
0
0
0
0
0
0
0
0
0
0
0
0
0
0
0
0
0
0
0
0
0
0
0
0
0
0
0
0
0
0
0
0
0
0
0
0
0
0
0
0
0
0
0
0
0
0
0
0
0
0
0
0
0
0
0
0
0
0
0
0
0
0
0
0
0
0
0
0
0
0
0
0
0
0
0
0
0
0
0
0
0
0
0
0
0
0
0
0
0
0
0
0
0
0
0
0
0
0
0
0
0
0
0
0
0
0
0
0
0
0
0
0
0
0
0
0
0
0
0
0
0
1
1
2
2
2
2
2
2
2
2
2
2
2
2
2
2
2
2
2
0
1
0
0
0
0
0
0
0
0
0
0
0
0
0
0
0
0
0
1
0
0
0
0
0
0
0
0
0
0
0
0
0
0
0
0
0
0
0
0
0
0
0
0
0
0
0
0
0
0
0
0
0
0
0
0
0
0
0
0
0
0
0
0
0
0
0
0
0
0
0
0
0
0
0
0
0
0
0
0
0
0
0
0
0
0
0
0
0
0
0
0
0
0
0
0
0
0
0
0
0
0
0
0
0
0
0
0
0
0
0
0
0
0
0
0
0
0
0
0
0
0
0
0
0
0
0
0
0
0
0
0
0
0
0
0
0
0
0
0
0
0
0
0
0
0
0
0
0
0
0
0
0
0
0
0
0
0
0
0
0
0
0
0
0
0
0
0
0
0
0
0
0
0
0
0
0
0
0
0
0
0
0
0
0
0
0
0
0
0
0
0
0
0
0
0
0
0
0
0
0
0
0
0
0
0
0
0
0
0
0
0
0
0
0
0
0
0
0
0
0
0
0
0
0
0
0
0
0
0
0
0
0
0
0
0
0
0
0
0
0
0
0
0
0
0
0
0
0
0
0
0
0
0
0
0
0
0
0
0
0
0
0
0
0
0
0
0
0
0
0
0
0
0
0
0
0
0
0
0
0
0
0
0
0
0
0
0
0
0
0
0
0
0
0
0
0
0
0
0
0
0
0
0
0
0
0
0
0
0
0
0
0
0
0
0
0
0
0
0
0
0
0
0
0
0
0
0
0
0
0
0
0
0
0
0
0
0
0
0
0
0
0
0
0
0
0
0
0
0
0
0
0
0
0
0
0
0
0
0
0
2
2
4
5
5
5
5
5
5
5
5
5
5
5
5
5
5
5
5
2
2
1
0
0
0
0
0
0
0
0
0
0
0
0
0
0
0
0
0
1
0
0
0
0
0
0
0
0
0
0
0
0
0
0
0
0
0
1
0
0
0
0
0
0
0
0
0
0
0
0
0
0
0
0
0
0
0
0
0
0
0
0
0
0
0
0
0
0
0
0
0
0
0
0
0
0
0
0
0
0
0
0
0
0
0
0
0
0
0
0
0
0
0
0
0
0
0
0
0
0
0
0
0
0
0
0
0
0
0
0
0
0
0
0
0
0
0
0
0
0
0
0
0
0
0
0
0
0
0
0
0
0
0
0
0
0
0
0
0
0
0
0
0
0
0
0
0
0
0
0
0
0
0
0
0
0
0
0
0
0
0
0
0
0
0
0
0
0
0
0
0
0
0
0
0
0
0
0
0
0
0
0
0
0
0
0
0
0
0
0
0
0
0
0
0
0
0
0
0
0
0
0
0
0
0
0
0
0
0
0
0
0
0
0
0
0
0
0
0
0
0
0
0
0
0
0
0
0
0
0
0
0
0
0
0
0
0
0
0
0
0
0
0
0
0
0
0
0
0
0
0
0
0
0
0
0
0
0
0
0
0
0
0
0
0
0
0
0
0
0
0
0
0
0
0
0
0
0
0
0
0
0
0
0
0
0
0
0
0
0
0
0
0
0
0
0
0
0
0
0
0
0
0
0
0
0
0
0
0
0
0
0
0
0
0
0
0
0
0
0
0
0
0
0
0
0
0
0
0
0
0
0
0
0
0
0
0
0
0
0
0
0
0
0
0
0
0
0
0
0
0
0
0
0
0
0
0
0
0
0
6
5
9
13
14
14
14
14
14
14
14
14
14
14
14
14
14
14
14
4
5
4
1
0
0
0
0
0
0
0
0
0
0
0
0
0
0
0
3
3
1
0
0
0
0
0
0
0
0
0
0
0
0
0
0
0
0
0
1
0
0
0
0
0
0
0
0
0
0
0
0
0
0
0
0
0
1
0
0
0
0
0
0
0
0
0
0
0
0
0
0
0
0
0
0
0
0
0
0
0
0
0
0
0
0
0
0
0
0
0
0
0
0
0
0
0
0
0
0
0
0
0
0
0
0
0
0
0
0
0
0
0
0
0
0
0
0
0
0
0
0
0
0
0
0
0
0
0
0
0
0
0
0
0
0
0
0
0
0
0
0
0
0
0
0
0
0
0
0
0
0
0
0
0
0
0
0
0
0
0
0
0
0
0
0
0
0
0
0
0
0
0
0
0
0
0
0
0
0
0
0
0
0
0
0
0
0
0
0
0
0
0
0
0
0
0
0
0
0
0
0
0
0
0
0
0
0
0
0
0
0
0
0
0
0
0
0
0
0
0
0
0
0
0
0
0
0
0
0
0
0
0
0
0
0
0
0
0
0
0
0
0
0
0
0
0
0
0
0
0
0
0
0
0
0
0
0
0
0
0
0
0
0
0
0
0
0
0
0
0
0
0
0
0
0
0
0
0
0
0
0
0
0
0
0
0
0
0
0
0
0
0
0
0
0
0
0
0
0
0
0
0
0
0
0
0
0
0
0
0
0
0
0
0
0
0
0
0
0
0
0
0
0
0
0
0
0
0
0
0
0
0
0
0
0
0
0
0
0
0
0
0
0
0
0
0
0
0
0
0
0
0
0
0
0
0
0
0
0
0
18
14
22
35
41
42
42
42
42
42
42
42
42
42
42
42
42
42
42
13
14
14
6
1
0
0
0
0
0
0
0
0
0
0
0
0
0
0
6
9
5
1
0
0
0
0
0
0
0
0
0
0
0
0
0
0
0
4
4
1
0
0
0
0
0
0
0
0
0
0
0
0
0
0
0
0
0
1
0
0
0
0
0
0
0
0
0
0
0
0
0
0
0
0
0
1
0
0
0
0
0
0
0
0
0
0
0
0
0
0
0
0
0
0
0
0
0
0
0
0
0
0
0
0
0
0
0
0
0
0
0
0
0
0
0
0
0
0
0
0
0
0
0
0
0
0
0
0
0
0
0
0
0
0
0
0
0
0
0
0
0
0
0
0
0
0
0
0
0
0
0
0
0
0
0
0
0
0
0
0
0
0
0
0
0
0
0
0
0
0
0
0
0
0
0
0
0
0
0
0
0
0
0
0
0
0
0
0
0
0
0
0
0
0
0
0
0
0
0
0
0
0
0
0
0
0
0
0
0
0
0
0
0
0
0
0
0
0
0
0
0
0
0
0
0
0
0
0
0
0
0
0
0
0
0
0
0
0
0
0
0
0
0
0
0
0
0
0
0
0
0
0
0
0
0
0
0
0
0
0
0
0
0
0
0
0
0
0
0
0
0
0
0
0
0
0
0
0
0
0
0
0
0
0
0
0
0
0
0
0
0
0
0
0
0
0
0
0
0
0
0
0
0
0
0
0
0
0
0
0
0
0
0
0
0
0
0
0
0
0
0
0
0
0
0
0
0
0
0
0
0
0
0
0
0
0
0
0
0
0
0
0
0
0
0
0
0
0
0
0
0
0
0
0
0
0
0
0
0
0
57
42
58
97
123
131
132
132
132
132
132
132
132
132
132
132
132
132
132
40
42
46
27
8
1
0
0
0
0
0
0
0
0
0
0
0
0
0
21
28
21
7
1
0
0
0
0
0
0
0
0
0
0
0
0
0
0
8
14
6
1
0
0
0
0
0
0
0
0
0
0
0
0
0
0
0
5
5
1
0
0
0
0
0
0
0
0
0
0
0
0
0
0
0
0
0
1
0
0
0
0
0
0
0
0
0
0
0
0
0
0
0
0
0
1
0
0
0
0
0
0
0
0
0
0
0
0
0
0
0
0
0
0
0
0
0
0
0
0
0
0
0
0
0
0
0
0
0
0
0
0
0
0
0
0
0
0
0
0
0
0
0
0
0
0
0
0
0
0
0
0
0
0
0
0
0
0
0
0
0
0
0
0
0
0
0
0
0
0
0
0
0
0
0
0
0
0
0
0
0
0
0
0
0
0
0
0
0
0
0
0
0
0
0
0
0
0
0
0
0
0
0
0
0
0
0
0
0
0
0
0
0
0
0
0
0
0
0
0
0
0
0
0
0
0
0
0
0
0
0
0
0
0
0
0
0
0
0
0
0
0
0
0
0
0
0
0
0
0
0
0
0
0
0
0
0
0
0
0
0
0
0
0
0
0
0
0
0
0
0
0
0
0
0
0
0
0
0
0
0
0
0
0
0
0
0
0
0
0
0
0
0
0
0
0
0
0
0
0
0
0
0
0
0
0
0
0
0
0
0
0
0
0
0
0
0
0
0
0
0
0
0
0
0
0
0
0
0
0
0
0
0
0
0
0
0
0
0
0
0
0
0
0
0
0
0
0
0
0
0
0
0
0
0
0
0
0
0
0
0
186
132
163
276
375
418
428
429
429
429
429
429
429
429
429
429
429
429
429
130
132
149
108
44
10
1
0
0
0
0
0
0
0
0
0
0
0
0
66
90
80
36
9
1
0
0
0
0
0
0
0
0
0
0
0
0
0
30
48
29
8
1
0
0
0
0
0
0
0
0
0
0
0
0
0
0
10
20
7
1
0
0
0
0
0
0
0
0
0
0
0
0
0
0
0
6
6
1
0
0
0
0
0
0
0
0
0
0
0
0
0
0
0
0
0
1
0
0
0
0
0
0
0
0
0
0
0
0
0
0
0
0
0
1
0
0
0
0
0
0
0
0
0
0
0
0
0
0
0
0
0
0
0
0
0
0
0
0
0
0
0
0
0
0
0
0
0
0
0
0
0
0
0
0
0
0
0
0
0
0
0
0
0
0
0
0
0
0
0
0
0
0
0
0
0
0
0
0
0
0
0
0
0
0
0
0
0
0
0
0
0
0
0
0
0
0
0
0
0
0
0
0
0
0
0
0
0
0
0
0
0
0
0
0
0
0
0
0
0
0
0
0
0
0
0
0
0
0
0
0
0
0
0
0
0
0
0
0
0
0
0
0
0
0
0
0
0
0
0
0
0
0
0
0
0
0
0
0
0
0
0
0
0
0
0
0
0
0
0
0
0
0
0
0
0
0
0
0
0
0
0
0
0
0
0
0
0
0
0
0
0
0
0
0
0
0
0
0
0
0
0
0
0
0
0
0
0
0
0
0
0
0
0
0
0
0
0
0
0
0
0
0
0
0
0
0
0
0
0
0
0
0
0
0
0
0
0
0
0
0
0
0
0
0
0
0
0
0
0
0
0
0
0
0
0
0
0
0
0
0
622
429
483
805
1158
1353
1417
1429
1430
1430
1430
1430
1430
1430
1430
1430
1430
1430
1430
432
429
484
407
206
65
12
1
0
0
0
0
0
0
0
0
0
0
0
220
297
292
162
55
11
1
0
0
0
0
0
0
0
0
0
0
0
0
96
165
124
46
10
1
0
0
0
0
0
0
0
0
0
0
0
0
0
40
75
38
9
1
0
0
0
0
0
0
0
0
0
0
0
0
0
0
12
27
8
1
0
0
0
0
0
0
0
0
0
0
0
0
0
0
0
7
7
1
0
0
0
0
0
0
0
0
0
0
0
0
0
0
0
0
0
1
0
0
0
0
0
0
0
0
0
0
0
0
0
0
0
0
0
1
0
0
0
0
0
0
0
0
0
0
0
0
0
0
0
0
0
0
0
0
0
0
0
0
0
0
0
0
0
0
0
0
0
0
0
0
0
0
0
0
0
0
0
0
0
0
0
0
0
0
0
0
0
0
0
0
0
0
0
0
0
0
0
0
0
0
0
0
0
0
0
0
0
0
0
0
0
0
0
0
0
0
0
0
0
0
0
0
0
0
0
0
0
0
0
0
0
0
0
0
0
0
0
0
0
0
0
0
0
0
0
0
0
0
0
0
0
0
0
0
0
0
0
0
0
0
0
0
0
0
0
0
0
0
0
0
0
0
0
0
0
0
0
0
0
0
0
0
0
0
0
0
0
0
0
0
0
0
0
0
0
0
0
0
0
0
0
0
0
0
0
0
0
0
0
0
0
0
0
0
0
0
0
0
0
0
0
0
0
0
0
0
0
0
0
0
0
0
0
0
0
0
0
0
0
0
0
0
0
0
0
0
0
0
0
0
0
0
0
0
0
0
0
0
0
0
0
2120
1430
1494
2404
3616
4423
4758
4847
4861
4862
4862
4862
4862
4862
4862
4862
4862
4862
4862
1466
1430
1589
1484
884
348
90
14
1
0
0
0
0
0
0
0
0
0
0
744
1001
1044
678
283
78
13
1
0
0
0
0
0
0
0
0
0
0
0
328
572
498
228
67
12
1
0
0
0
0
0
0
0
0
0
0
0
0
130
275
179
57
11
1
0
0
0
0
0
0
0
0
0
0
0
0
0
51
110
48
10
1
0
0
0
0
0
0
0
0
0
0
0
0
0
0
14
35
9
1
0
0
0
0
0
0
0
0
0
0
0
0
0
0
0
8
8
1
0
0
0
0
0
0
0
0
0
0
0
0
0
0
0
0
0
1
0
0
0
0
0
0
0
0
0
0
0
0
0
0
0
0
0
1
0
0
0
0
0
0
0
0
0
0
0
0
0
0
0
0
0
0
0
0
0
0
0
0
0
0
0
0
0
0
0
0
0
0
0
0
0
0
0
0
0
0
0
0
0
0
0
0
0
0
0
0
0
0
0
0
0
0
0
0
0
0
0
0
0
0
0
0
0
0
0
0
0
0
0
0
0
0
0
0
0
0
0
0
0
0
0
0
0
0
0
0
0
0
0
0
0
0
0
0
0
0
0
0
0
0
0
0
0
0
0
0
0
0
0
0
0
0
0
0
0
0
0
0
0
0
0
0
0
0
0
0
0
0
0
0
0
0
0
0
0
0
0
0
0
0
0
0
0
0
0
0
0
0
0
0
0
0
0
0
0
0
0
0
0
0
0
0
0
0
0
0
0
0
0
0
0
0
0
0
0
0
0
0
0
0
0
0
0
0
0
0
0
0
0
0
0
0
0
0
0
0
0
0
0
0
0
0
7338
4862
4783
7343
11408
14568
16134
16661
16779
16795
16796
16796
16796
16796
16796
16796
16796
16796
16796
5056
4862
5288
5311
3598
1670
542
119
16
1
0
0
0
0
0
0
0
0
0
2562
3432
3701
2715
1323
452
105
15
1
0
0
0
0
0
0
0
0
0
0
1128
2002
1928
1039
374
92
14
1
0
0
0
0
0
0
0
0
0
0
0
455
1001
780
307
80
13
1
0
0
0
0
0
0
0
0
0
0
0
0
168
429
246
69
12
1
0
0
0
0
0
0
0
0
0
0
0
0
0
63
154
59
11
1
0
0
0
0
0
0
0
0
0
0
0
0
0
0
16
44
10
1
0
0
0
0
0
0
0
0
0
0
0
0
0
0
0
9
9
1
0
0
0
0
0
0
0
0
0
0
0
0
0
0
0
0
0
1
0
0
0
0
0
0
0
0
0
0
0
0
0
0
0
0
0
1
0
0
0
0
0
0
0
0
0
0
0
0
0
0
0
0
0
0
0
0
0
0
0
0
0
0
0
0
0
0
0
0
0
0
0
0
0
0
0
0
0
0
0
0
0
0
0
0
0
0
0
0
0
0
0
0
0
0
0
0
0
0
0
0
0
0
0
0
0
0
0
0
0
0
0
0
0
0
0
0
0
0
0
0
0
0
0
0
0
0
0
0
0
0
0
0
0
0
0
0
0
0
0
0
0
0
0
0
0
0
0
0
0
0
0
0
0
0
0
0
0
0
0
0
0
0
0
0
0
0
0
0
0
0
0
0
0
0
0
0
0
0
0
0
0
0
0
0
0
0
0
0
0
0
0
0
0
0
0
0
0
0
0
0
0
0
0
0
0
0
0
0
0
0
0
0
0
0
0
0
0
0
0
0
0
0
0
0
0
25724
16796
15740
22916
36344
48280
55099
57837
58616
58767
58785
58786
58786
58786
58786
58786
58786
58786
58786
17672
16796
17848
18816
14149
7480
2873
796
152
18
1
0
0
0
0
0
0
0
0
8942
11934
13096
10566
5824
2332
677
136
17
1
0
0
0
0
0
0
0
0
0
3941
7072
7304
4488
1881
572
121
16
1
0
0
0
0
0
0
0
0
0
0
1590
3640
3237
1505
480
107
15
1
0
0
0
0
0
0
0
0
0
0
0
602
1638
1152
400
94
14
1
0
0
0
0
0
0
0
0
0
0
0
0
210
637
326
82
13
1
0
0
0
0
0
0
0
0
0
0
0
0
0
76
208
71
12
1
0
0
0
0
0
0
0
0
0
0
0
0
0
0
18
54
11
1
0
0
0
0
0
0
0
0
0
0
0
0
0
0
0
10
10
1
0
0
0
0
0
0
0
0
0
0
0
0
0
0
0
0
0
1
0
0
0
0
0
0
0
0
0
0
0
0
0
0
0
0
0
1
0
0
0
0
0
0
0
0
0
0
0
0
0
0
0
0
0
0
0
0
0
0
0
0
0
0
0
0
0
0
0
0
0
0
0
0
0
0
0
0
0
0
0
0
0
0
0
0
0
0
0
0
0
0
0
0
0
0
0
0
0
0
0
0
0
0
0
0
0
0
0
0
0
0
0
0
0
0
0
0
0
0
0
0
0
0
0
0
0
0
0
0
0
0
0
0
0
0
0
0
0
0
0
0
0
0
0
0
0
0
0
0
0
0
0
0
0
0
0
0
0
0
0
0
0
0
0
0
0
0
0
0
0
0
0
0
0
0
0
0
0
0
0
0
0
0
0
0
0
0
0
0
0
0
0
0
0
0
0
0
0
0
0
0
0
0
0
0
0
0
91144
58786
52956
72980
116887
160872
189183
202257
206704
207803
207991
208011
208012
208012
208012
208012
208012
208012
208012
62460
58786
61060
66348
54356
31980
14022
4617
1118
189
20
1
0
0
0
0
0
0
0
31569
41990
46428
40344
24620
11166
3822
966
171
19
1
0
0
0
0
0
0
0
0
13920
25194
27320
18692
8848
3146
830
154
18
1
0
0
0
0
0
0
0
0
0
5635
13260
13014
6938
2575
709
138
17
1
0
0
0
0
0
0
0
0
0
0
2136
6188
5088
2092
602
123
16
1
0
0
0
0
0
0
0
0
0
0
0
770
2548
1629
508
109
15
1
0
0
0
0
0
0
0
0
0
0
0
0
256
910
420
96
14
1
0
0
0
0
0
0
0
0
0
0
0
0
0
90
273
84
13
1
0
0
0
0
0
0
0
0
0
0
0
0
0
0
20
65
12
1
0
0
0
0
0
0
0
0
0
0
0
0
0
0
0
11
11
1
0
0
0
0
0
0
0
0
0
0
0
0
0
0
0
0
0
1
0
0
0
0
0
0
0
0
0
0
0
0
0
0
0
0
0
1
0
0
0
0
0
0
0
0
0
0
0
0
0
0
0
0
0
0
0
0
0
0
0
0
0
0
0
0
0
0
0
0
0
0
0
0
0
0
0
0
0
0
0
0
0
0
0
0
0
0
0
0
0
0
0
0
0
0
0
0
0
0
0
0
0
0
0
0
0
0
0
0
0
0
0
0
0
0
0
0
0
0
0
0
0
0
0
0
0
0
0
0
0
0
0
0
0
0
0
0
0
0
0
0
0
0
0
0
0
0
0
0
0
0
0
0
0
0
0
0
0
0
0
0
0
0
0
0
0
0
0
0
0
0
0
0
0
0
0
0
0
0
0
0
0
0
0
0
0
0
0
325878
208012
181391
236857
379425
538685
652347
711253
734320
741153
742648
742877
742899
742900
742900
742900
742900
742900
742900
222853
208012
211501
233674
205452
132302
64641
24374
7042
1516
230
22
1
0
0
0
0
0
0
112530
149226
165241
152079
101136
50789
19776
5925
1327
210
21
1
0
0
0
0
0
0
0
49644
90440
101463
75860
39742
15972
4960
1156
191
20
1
0
0
0
0
0
0
0
0
20140
48450
51226
30637
12840
4131
1002
173
19
1
0
0
0
0
0
0
0
0
0
7677
23256
21595
10218
3423
864
156
18
1
0
0
0
0
0
0
0
0
0
0
2772
9996
7615
2817
741
140
17
1
0
0
0
0
0
0
0
0
0
0
0
960
3808
2227
632
125
16
1
0
0
0
0
0
0
0
0
0
0
0
0
306
1260
529
111
15
1
0
0
0
0
0
0
0
0
0
0
0
0
0
105
350
98
14
1
0
0
0
0
0
0
0
0
0
0
0
0
0
0
22
77
13
1
0
0
0
0
0
0
0
0
0
0
0
0
0
0
0
12
12
1
0
0
0
0
0
0
0
0
0
0
0
0
0
0
0
0
0
1
0
0
0
0
0
0
0
0
0
0
0
0
0
0
0
0
0
1
0
0
0
0
0
0
0
0
0
0
0
0
0
0
0
0
0
0
0
0
0
0
0
0
0
0
0
0
0
0
0
0
0
0
0
0
0
0
0
0
0
0
0
0
0
0
0
0
0
0
0
0
0
0
0
0
0
0
0
0
0
0
0
0
0
0
0
0
0
0
0
0
0
0
0
0
0
0
0
0
0
0
0
0
0
0
0
0
0
0
0
0
0
0
0
0
0
0
0
0
0
0
0
0
0
0
0
0
0
0
0
0
0
0
0
0
0
0
0
0
0
0
0
0
0
0
0
0
0
0
0
0
1174281
742900
630533
782275
1242946
1812191
2257473
2512013
2623886
2662114
2672166
2674141
2674415
2674439
2674440
2674440
2674440
2674440
2674440
801592
742900
740810
823937
767724
534319
285956
120431
39974
10304
1998
275
24
1
0
0
0
0
0
404445
534888
590996
568365
406826
222622
96267
32953
8789
1768
253
23
1
0
0
0
0
0
0
178504
326876
375494
302115
172628
76680
27048
7463
1558
232
22
1
0
0
0
0
0
0
0
72561
177650
198788
131096
60825
22107
6308
1367
212
21
1
0
0
0
0
0
0
0
0
27760
87210
89126
47538
17990
5307
1194
193
20
1
0
0
0
0
0
0
0
0
0
10101
38760
33978
14500
4444
1038
175
19
1
0
0
0
0
0
0
0
0
0
0
3504
15504
10970
3698
898
158
18
1
0
0
0
0
0
0
0
0
0
0
0
1173
5508
2963
773
142
17
1
0
0
0
0
0
0
0
0
0
0
0
0
360
1700
654
127
16
1
0
0
0
0
0
0
0
0
0
0
0
0
0
121
440
113
15
1
0
0
0
0
0
0
0
0
0
0
0
0
0
0
24
90
14
1
0
0
0
0
0
0
0
0
0
0
0
0
0
0
0
13
13
1
0
0
0
0
0
0
0
0
0
0
0
0
0
0
0
0
0
1
0
0
0
0
0
0
0
0
0
0
0
0
0
0
0
0
0
1
0
0
0
0
0
0
0
0
0
0
0
0
0
0
0
0
0
0
0
0
0
0
0
0
0
0
0
0
0
0
0
0
0
0
0
0
0
0
0
0
0
0
0
0
0
0
0
0
0
0
0
0
0
0
0
0
0
0
0
0
0
0
0
0
0
0
0
0
0
0
0
0
0
0
0
0
0
0
0
0
0
0
0
0
0
0
0
0
0
0
0
0
0
0
0
0
0
0
0
0
0
0
0
0
0
0
0
0
0
0
0
0
0
4260282
2674440
2218761
2625265
4108608
6123631
7836258
8902470
9418984
9617365
9677672
9691948
9694495
9694818
9694844
9694845
9694845
9694845
9694845
2903626
2674440
2620584
2913092
2845833
2119290
1226618
566792
210683
62580
14575
2572
324
26
1
0
0
0
0
1464042
1931540
2124954
2112324
1610924
949221
448128
170962
52299
12578
2297
300
25
1
0
0
0
0
0
646418
1188640
1387945
1186488
731202
353376
138241
43532
10811
2044
277
24
1
0
0
0
0
0
0
263210
653752
764090
547811
277450
111402
36090
9254
1812
255
23
1
0
0
0
0
0
0
0
101034
326876
360528
213300
89409
29802
7888
1600
234
22
1
0
0
0
0
0
0
0
0
36946
149226
146582
70742
24509
6695
1407
214
21
1
0
0
0
0
0
0
0
0
0
12942
62016
51281
19976
5658
1232
195
20
1
0
0
0
0
0
0
0
0
0
0
4338
23256
15324
4754
1074
177
19
1
0
0
0
0
0
0
0
0
0
0
0
1410
7752
3855
932
160
18
1
0
0
0
0
0
0
0
0
0
0
0
0
418
2244
796
144
17
1
0
0
0
0
0
0
0
0
0
0
0
0
0
138
544
129
16
1
0
0
0
0
0
0
0
0
0
0
0
0
0
0
26
104
15
1
0
0
0
0
0
0
0
0
0
0
0
0
0
0
0
14
14
1
0
0
0
0
0
0
0
0
0
0
0
0
0
0
0
0
0
1
0
0
0
0
0
0
0
0
0
0
0
0
0
0
0
0
0
1
0
0
0
0
0
0
0
0
0
0
0
0
0
0
0
0
0
0
0
0
0
0
0
0
0
0
0
0
0
0
0
0
0
0
0
0
0
0
0
0
0
0
0
0
0
0
0
0
0
0
0
0
0
0
0
0
0
0
0
0
0
0
0
0
0
0
0
0
0
0
0
0
0
0
0
0
0
0
0
0
0
0
0
0
0
0
0
0
0
0
0
0
0
0
15548694
9694845
7888266
8938718
13702559
20782695
27277206
31638473
33936093
34909676
35242947
35334353
35354046
35357265
35357641
35357669
35357670
35357670
35357670
10582816
9694845
9351624
10337800
10490644
8290517
5138768
2570883
1050738
350418
94302
20043
3246
377
28
1
0
0
0
5332872
7020405
7681191
7823760
6302721
3962453
2016645
842352
288138
79752
17472
2922
351
27
1
0
0
0
0
2355456
4345965
5131688
4611360
3037508
1578799
673432
236116
67198
15176
2622
326
26
1
0
0
0
0
0
960520
2414425
2918495
2247740
1229545
536935
192839
56410
13133
2345
302
25
1
0
0
0
0
0
0
369744
1225785
1437296
930822
426222
156979
47178
11322
2090
279
24
1
0
0
0
0
0
0
0
135828
572033
616739
331488
127287
39311
9723
1856
257
23
1
0
0
0
0
0
0
0
0
47872
245157
230632
101828
32630
8317
1642
236
22
1
0
0
0
0
0
0
0
0
0
16236
95931
74830
26859
7086
1447
216
21
1
0
0
0
0
0
0
0
0
0
0
5280
33915
20868
6005
1270
197
20
1
0
0
0
0
0
0
0
0
0
0
0
1672
10659
4922
1110
179
19
1
0
0
0
0
0
0
0
0
0
0
0
0
480
2907
956
162
18
1
0
0
0
0
0
0
0
0
0
0
0
0
0
156
663
146
17
1
0
0
0
0
0
0
0
0
0
0
0
0
0
0
28
119
16
1
0
0
0
0
0
0
0
0
0
0
0
0
0
0
0
15
15
1
0
0
0
0
0
0
0
0
0
0
0
0
0
0
0
0
0
1
0
0
0
0
0
0
0
0
0
0
0
0
0
0
0
0
0
1
0
0
0
0
0
0
0
0
0
0
0
0
0
0
0
0
0
0
0
0
0
0
0
0
0
0
0
0
0
0
0
0
0
0
0
0
0
0
0
0
0
0
0
0
0
0
0
0
0
0
0
0
0
0
0
0
0
0
0
0
0
0
0
0
0
0
0
0
0
0
0
0
0
0
0
57048048
35357670
28291588
30834165
46101320
70836070
95192585
112704382
122634445
127212502
128944033
129479809
129613820
129640327
129644326
129644759
129644789
129644790
129644790
38781310
35357670
33630255
36845434
38529302
32086534
21133796
11331220
5022777
1845876
559065
137634
26912
4028
434
30
1
0
0
19532688
25662825
27909435
28925899
24432278
16268641
8839765
3989510
1498380
465114
117618
23667
3651
406
29
1
0
0
0
8630080
15967980
18996505
17783544
12426284
6885428
3162283
1212864
385688
100172
20746
3300
379
28
1
0
0
0
0
3523800
8947575
11102410
9092354
5326660
2501105
979090
318792
85021
18125
2974
353
27
1
0
0
0
0
0
1359820
4601610
5669320
3974304
1967487
788246
262661
71912
15781
2672
328
26
1
0
0
0
0
0
0
501480
2187185
2546424
1505376
631865
215735
60613
13692
2393
304
25
1
0
0
0
0
0
0
0
177760
961400
1007318
496720
176529
50912
11837
2136
281
24
1
0
0
0
0
0
0
0
0
60720
389367
350039
142630
42609
10196
1900
259
23
1
0
0
0
0
0
0
0
0
0
20020
144210
106181
35384
8750
1684
238
22
1
0
0
0
0
0
0
0
0
0
0
6336
48279
27814
7472
1487
218
21
1
0
0
0
0
0
0
0
0
0
0
0
1960
14364
6184
1308
199
20
1
0
0
0
0
0
0
0
0
0
0
0
0
546
3705
1135
181
19
1
0
0
0
0
0
0
0
0
0
0
0
0
0
175
798
164
18
1
0
0
0
0
0
0
0
0
0
0
0
0
0
0
30
135
17
1
0
0
0
0
0
0
0
0
0
0
0
0
0
0
0
16
16
1
0
0
0
0
0
0
0
0
0
0
0
0
0
0
0
0
0
1
0
0
0
0
0
0
0
0
0
0
0
0
0
0
0
0
0
1
0
0
0
0
0
0
0
0
0
0
0
0
0
0
0
0
0
0
0
0
0
0
0
0
0
0
0
0
0
0
0
0
0
0
0
0
0
0
0
0
0
0
0
0
0
0
0
0
0
0
0
0
0
0
0
0
210295326
129644790
102237141
107608097
156443342
242466683
333008422
402295739
444245315
465063022
473639917
476577011
477407316
477598340
477633278
477638173
477638667
477638699
477638700
142805056
129644790
121770154
131937211
141186396
123147661
85645370
48818259
23222648
9273594
3101640
861245
195486
35402
4926
495
32
1
0
71893470
94287120
101906340
106877701
94034790
65916354
37948909
18317461
7451385
2546226
724017
168603
31375
4492
465
31
1
0
0
31773728
58929450
70446790
68187391
50215684
29457072
14427394
5973749
2084412
606778
144964
27725
4086
436
30
1
0
0
0
12988700
33266625
42132125
36369251
22660403
11341620
4778930
1701698
506959
124245
24426
3707
408
29
1
0
0
0
0
5023200
17298645
22188756
16675791
8853058
3814338
1385574
422266
106146
21453
3354
381
28
1
0
0
0
0
0
1858780
8351070
10363578
6667991
3028228
1125182
350658
90390
18782
3026
355
27
1
0
0
0
0
0
0
662080
3749460
4301308
2340871
909926
290320
76722
16390
2722
330
26
1
0
0
0
0
0
0
0
227700
1562275
1584207
722401
239507
64908
14255
2441
306
25
1
0
0
0
0
0
0
0
0
75680
600875
515564
195261
54726
12356
2182
283
24
1
0
0
0
0
0
0
0
0
0
24332
211508
147143
45809
10673
1944
261
23
1
0
0
0
0
0
0
0
0
0
0
7512
67298
36396
9177
1726
240
22
1
0
0
0
0
0
0
0
0
0
0
0
2275
19019
7662
1527
220
21
1
0
0
0
0
0
0
0
0
0
0
0
0
616
4655
1334
201
20
1
0
0
0
0
0
0
0
0
0
0
0
0
0
195
950
183
19
1
0
0
0
0
0
0
0
0
0
0
0
0
0
0
32
152
18
1
0
0
0
0
0
0
0
0
0
0
0
0
0
0
0
17
17
1
0
0
0
0
0
0
0
0
0
0
0
0
0
0
0
0
0
1
0
0
0
0
0
0
0
0
0
0
0
0
0
0
0
0
0
1
0
0
0
0
0
0
0
0
0
0
0
0
0
0
0
0
0
0
0
0
0
0
0
0
0
0
0
0
0
0
0
0
0
0
0
0
0
778483932
477638700
371884771
379454447
535358524
833467552
1167651738
1438558066
1612557812
1704719666
1745628257
1760909645
1765698373
1766945664
1767211459
1767256681
1767262596
1767263155
1767263189
528134764
477638700
443593761
474720912
516754420
469536346
342983072
206496484
104537089
44871476
16338119
5019616
1287619
271216
45749
5948
560
34
1
265778040
347993910
373803174
394997178
359917821
264237325
160197597
82038024
35766484
13267854
4162863
1092598
235845
40824
5453
528
33
1
0
117493098
218349120
261797845
260350868
200922287
124075768
64319637
28460004
10749353
3442932
924431
204500
36333
4988
497
32
1
0
0
48079192
124062000
159675535
144189078
94982263
50330530
22609307
8689364
2839861
779875
176804
32248
4552
467
31
1
0
0
0
18629832
65132550
86350729
68991396
39019500
17923576
7009008
2336256
656011
152406
28542
4144
438
30
1
0
0
0
0
6914376
31865925
41713836
28945544
14110293
5640472
1917011
550220
130980
25189
3763
410
29
1
0
0
0
0
0
2473328
14567280
18044978
10730628
4515814
1568920
460160
112224
22164
3408
383
28
1
0
0
0
0
0
0
855504
6216210
6986552
3524823
1278930
383737
95859
19443
3078
357
27
1
0
0
0
0
0
0
0
286572
2466750
2413917
1024608
318921
81628
17003
2772
332
26
1
0
0
0
0
0
0
0
0
92950
904475
740264
262138
69286
14822
2489
308
25
1
0
0
0
0
0
0
0
0
0
29211
303600
199802
58416
12879
2228
285
24
1
0
0
0
0
0
0
0
0
0
0
8814
92092
46871
11143
1988
263
23
1
0
0
0
0
0
0
0
0
0
0
0
2618
24794
9378
1768
242
22
1
0
0
0
0
0
0
0
0
0
0
0
0
690
5775
1554
222
21
1
0
0
0
0
0
0
0
0
0
0
0
0
0
216
1120
203
20
1
0
0
0
0
0
0
0
0
0
0
0
0
0
0
34
170
19
1
0
0
0
0
0
0
0
0
0
0
0
0
0
0
0
18
18
1
0
0
0
0
0
0
0
0
0
0
0
0
0
0
0
0
0
1
0
0
0
0
0
0
0
0
0
0
0
0
0
0
0
0
0
1
0
0
0
0
0
0
0
0
0
0
0
0
0
0
0
0
0
0
