10 100
2024 73603 14668 21224 89576 85998 30489 55697 56495 60031 41010 73546 82940 48343 8281 78631 72044 984 18145 50962 18187 25531 78264 48165 50364 7087 81015 29166 15243 45417 79546 17267 35372 94214 54844 24948 80212 85333 96997 53060 61716 54359 26606 61008 19054 51239 39639 91099 52224 74136 42061 70411 99667 36677 18576 66383 60116 15944 11901 75359 61361 91447 8978 13086 2013 63822 54386 98578 65507 51384 67990 27223 22095 10948 88231 41150 62188 44222 48601 14412 18358 7014 1175 34377 43691 19751 760 3807 35695 12662 79166 13409 4109 4496 26495 22475 68319 80881 21053 50178 
48617 89043 77402 70713 99991 81985 28215 62179 42560 76816 92943 60918 83830 94118 95296 27521 30222 12408 47680 65917 25070 43198 95678 45532 47694 38525 68007 32365 19407 89060 82544 84376 94455 76298 71441 10798 58283 99656 89330 843 76472 82273 78114 76654 76392 89762 20527 6614 2170 68207 88883 43593 27757 914 89125 75452 39439 73484 24169 75198 78896 6713 59575 73351 83011 31016 501 57647 47025 89831 74842 23497 72105 69308 152 64849 75422 20679 71463 93945 5239 76698 37538 32996 77612 43015 24800 17052 16499 48970 92250 11747 72035 68177 1450 71399 15546 1951 45398 62571 
91783 20240 86068 80240 5901 2572 45089 81323 39604 32904 75268 61195 9602 29158 94191 3567 72173 35344 20619 5024 666 29221 16771 72701 97399 34573 44100 29297 36525 5850 91868 44660 26091 94288 24900 31992 96861 86341 29667 52817 19245 4936 14012 45199 34094 24555 48766 22620 59899 85737 27644 76917 14959 60768 49619 28710 95341 10071 58007 48218 15922 66227 9230 58365 60515 50482 6709 73728 36823 36376 26545 72420 41312 56909 17620 91759 81465 66386 14379 57716 68476 58375 34634 99787 19143 605 28497 30837 10676 2856 95407 42950 69083 4638 1315 45950 55120 8024 19679 91944 
60753 46224 80716 2065 3134 98336 10176 951 81075 24555 58667 49551 82931 9653 49338 18426 10258 94187 65615 37287 13395 61023 80237 98830 65661 97905 44780 20781 22281 64459 29077 83034 27036 9794 1452 46522 24482 11628 47473 5557 52536 22492 71460 35467 48498 20798 70245 58756 31337 35861 96043 61084 96884 92633 59914 62545 90538 4695 99678 12819 85506 28756 95854 28894 54902 97306 75416 79384 25286 39241 1294 77822 61734 72754 29641 10232 9905 99887 85340 41242 52100 97736 2327 48984 90369 78593 27881 80907 99640 43911 10078 85147 89019 5932 30393 43921 19590 5810 39658 44877 
45051 40952 22699 23137 13706 52341 49721 23611 68580 51414 81206 20680 49150 99885 86016 39519 78478 30249 36778 78119 90512 46856 79618 79532 52789 10011 39805 88731 32173 79463 49960 77225 20415 72660 16714 50474 41353 82788 90437 26285 50554 71643 63317 99704 87880 65685 39223 66359 12286 92353 60830 2798 39209 40448 82330 8350 66811 22136 97082 98985 17951 47042 92562 54719 36054 9276 5193 93759 8416 11982 20044 58970 99978 99713 75026 87858 65398 14249 54217 77684 6602 15047 80483 62164 71847 79165 70514 38659 17653 83948 37644 35605 30991 30206 90324 83397 55834 11869 77157 80603 
23851 13553 39573 23829 13267 30952 11688 78665 61553 82257 72702 84508 13657 53185 46672 85504 48702 17186 40515 66356 1135 78159 1961 48478 24717 8637 31875 96904 36858 25384 77507 60709 38938 33432 891 68557 64384 28931 47222 25938 27540 19924 10446 41197 89461 57118 43054 38164 90656 99921 4520 8143 78081 22833 56621 19150 31470 4849 16054 68328 46585 93561 45389 1875 26994 62632 70432 7730 91563 17655 33668 19104 53931 44114 76653 43393 17584 36059 97909 8241 35981 2429 16384 30414 41614 89358 49564 73084 10559 81971 57764 57144 75532 3153 59020 18878 82138 29452 26609 73701 
63459 76629 9157 17391 37096 2163 77136 54680 54574 75045 79273 90555 93826 12010 37321 35440 17720 3238 24876 28279 85209 82640 85423 60741 2145 60795 95972 84283 6600 38933 74337 70059 15562 83494 3802 52658 2009 80938 23691 56584 72335 19316 63491 66161 31326 813 1601 65398 4051 26477 93677 89260 25469 95453 66353 27615 56248 78677 28250 62848 17610 2587 49260 33173 2434 53062 2183 4443 34001 42226 77379 6336 61543 40871 88850 9221 58036 6803 74620 62087 33281 84649 67699 75102 80102 50404 2717 52703 29082 30968 31903 46692 49907 81163 96217 52341 50578 98401 73137 931 
40627 50516 23619 18522 7739 12469 44096 82127 19273 18716 60566 68906 19717 28265 44008 99820 78670 63078 68875 24104 10398 778 70796 60305 98294 67014 28999 48872 81767 2136 49803 38746 69004 89774 73621 93096 2244 17717 75223 37869 52785 35790 6775 72502 80407 67135 88674 59077 30213 57549 99533 40611 58328 70330 17269 72974 53696 46268 38198 35463 48404 88001 90561 33760 94127 64182 26856 96371 81899 2080 50592 34684 54222 73719 23539 34629 40855 12213 10059 71068 69763 9592 28032 44443 96274 45301 33769 49970 91569 71967 1785 56325 76320 92347 90085 70447 56529 33294 83171 54781 
51726 33763 5817 5948 7483 29356 56929 48338 57922 66988 35758 27685 92933 80142 88480 89207 41795 22249 55530 49716 10568 73667 6041 86888 66014 12479 57335 38896 45773 40506 93677 13851 90622 15846 36151 98105 45203 93080 62795 3125 76421 14905 47162 85706 95048 51994 74913 36843 90595 46795 86560 1163 20463 8953 88051 2829 37784 61738 41725 99909 18597 51754 13760 9219 67601 49911 23676 29156 59344 2823 48633 35765 17728 95795 21471 29128 64141 12736 65972 54736 75884 68884 55899 96347 94189 60302 15528 31974 38392 57254 31883 56989 25360 45644 82560 9313 11907 6236 38469 71251 
9059 87102 23368 26788 99249 61191 72268 63390 90280 38240 18126 82516 23476 90377 78863 34018 67031 10743 65992 5424 84349 97875 78765 9710 59871 61326 35375 88131 67562 90197 59382 92974 77299 99103 36114 92901 76646 8382 72643 83278 62975 7122 65794 2803 97499 61009 36821 80883 71753 2813 86307 56102 17041 65072 82164 76912 26398 17540 65043 10313 7737 40778 19639 1388 56233 55753 10641 49231 80487 83285 32510 43462 90407 98304 62618 4258 75666 99439 85141 63771 2253 87800 19873 35646 52873 18390 12558 95623 35930 93954 22288 60019 51084 58279 77759 7317 14032 88401 56548 10872 
