10 100
615 140 965 217 945 219 759 528 278 481 65 692 766 853 723 953 691 475 665 460 522 834 713 942 401 103 409 967 242 905 257 858 45 574 427 342 794 186 870 424 19 935 468 137 140 544 90 831 19 755 643 894 941 357 836 343 812 597 310 55 854 920 265 899 494 692 593 640 230 463 416 249 399 237 738 891 133 828 723 152 936 718 398 877 427 586 572 240 535 883 647 389 155 912 640 1 956 233 994 186 
697 762 787 448 999 525 339 132 705 414 637 993 133 387 223 912 974 795 504 509 30 151 251 185 63 891 187 19 477 533 557 174 295 696 974 295 573 313 779 279 728 768 624 213 156 847 477 482 995 982 343 25 133 594 563 197 838 102 568 315 635 126 841 930 174 815 577 748 128 357 379 208 125 3 773 281 203 603 115 198 585 459 575 70 53 490 619 891 592 188 558 227 666 399 510 840 214 87 588 695 
796 967 903 922 323 29 555 526 632 671 76 569 130 651 639 535 494 259 779 86 799 337 666 465 737 176 657 951 615 246 646 412 565 902 334 888 283 241 766 267 264 842 188 746 846 179 282 340 790 61 778 589 750 444 406 487 972 64 791 940 310 789 352 227 43 38 468 678 279 234 945 896 429 485 642 275 665 276 967 455 689 97 397 440 894 803 279 866 867 70 806 529 212 510 109 255 548 577 934 180 
811 231 76 240 69 70 867 734 347 186 541 388 284 290 828 178 94 108 396 313 530 555 195 742 65 304 350 614 881 636 146 44 219 222 637 288 644 856 374 343 43 268 732 679 558 560 209 652 20 605 318 903 512 513 997 578 817 699 544 50 335 690 94 907 912 731 195 908 588 922 252 983 190 984 662 748 896 871 753 917 828 71 172 341 584 521 271 753 221 815 803 908 505 897 815 769 981 363 677 569 
285 929 552 475 913 566 575 810 789 328 79 969 751 603 310 687 124 933 440 345 748 243 254 253 493 421 22 474 784 700 395 69 629 947 896 895 865 472 57 654 152 488 975 904 91 638 591 215 571 384 913 320 627 519 573 472 940 948 946 77 648 341 146 629 640 43 876 857 867 933 863 371 421 839 275 512 477 219 80 48 955 345 720 582 216 294 407 508 242 353 585 242 47 732 871 39 127 748 897 346 
33 760 717 455 599 345 319 76 916 751 477 871 96 197 805 312 843 212 173 85 918 758 679 965 842 551 4 321 651 901 667 684 662 737 491 613 82 811 690 998 562 519 221 11 716 26 323 912 239 848 997 157 607 29 474 449 580 478 771 583 732 790 619 746 527 111 359 961 922 49 959 836 920 532 847 989 559 523 901 798 371 250 307 978 279 781 780 211 611 903 794 695 693 766 441 573 877 801 534 151 
202 846 987 123 378 835 112 937 358 365 87 81 615 746 60 895 879 192 106 843 95 253 538 140 19 332 65 896 133 600 47 687 798 34 162 176 221 626 466 931 991 553 13 607 652 73 502 531 617 960 374 64 213 265 204 232 597 270 480 82 222 527 769 20 914 284 196 487 910 14 419 254 920 432 861 572 857 715 455 474 27 182 538 241 447 94 825 396 716 306 478 938 185 599 310 99 235 859 939 498 
873 358 752 793 790 965 365 999 32 173 473 59 355 363 300 802 809 478 550 526 784 380 816 969 331 479 421 567 338 360 65 211 70 817 357 212 782 74 211 166 247 36 225 602 751 878 756 560 356 306 438 492 38 607 813 370 86 234 937 424 946 2 635 16 171 344 580 305 419 791 471 666 827 48 269 578 926 377 491 634 36 929 126 74 536 940 444 622 526 733 398 825 735 386 193 258 730 774 563 149 
565 386 816 745 435 437 675 713 166 166 348 202 96 826 277 984 118 73 959 645 807 357 822 894 743 367 153 826 141 68 975 59 455 143 804 242 580 831 955 747 998 655 301 446 482 930 430 600 4 741 597 163 451 419 57 194 139 562 20 280 983 348 691 438 491 847 32 424 679 987 523 677 643 824 475 125 755 905 77 111 999 675 626 450 446 683 996 585 598 369 218 581 717 261 371 208 109 403 984 788 
742 507 817 737 332 292 214 439 549 292 902 900 319 528 350 117 563 347 55 513 716 625 94 785 886 817 345 995 572 330 135 315 837 304 404 521 948 619 312 498 263 214 750 582 94 101 51 658 800 106 171 868 731 618 653 618 787 350 965 360 680 453 27 870 109 431 743 58 50 56 908 313 622 658 247 69 759 299 727 911 405 250 779 489 220 432 459 8 783 776 368 815 229 395 685 691 178 781 749 229 
