10 100
39892 25551 35365 39453 73717 2956 55969 98298 12896 51131 84935 84619 78338 98315 2808 18788 38875 26857 35570 81810 90165 50548 7277 92114 50738 24189 99556 56451 14048 51804 69340 53940 77356 4705 93394 67425 24013 65715 65723 53262 16846 67010 54233 11536 81677 57041 30324 20552 251 65894 2362 90416 16443 25991 82530 83533 50181 98438 39984 64229 50243 9324 34522 43951 30381 27916 11376 70747 9983 93451 24009 26829 60462 78242 54717 42139 51636 85042 79044 51887 50936 81406 58655 83731 23750 57537 67264 73931 55976 23600 54512 22571 49276 89034 66522 96010 33302 77898 66757 43285 
71349 7118 86466 48163 1712 41184 90303 53348 42578 69347 21587 9866 67105 96594 93598 7207 54132 77214 81138 26460 815 52003 49031 66443 41037 31905 62453 90692 9803 45562 50329 97504 52680 53148 45668 54393 10684 52323 24093 53262 38022 62033 63128 21479 58627 73078 28687 12759 50293 26177 55571 67460 78180 4602 50255 35570 36507 12709 26262 62662 58271 92943 76519 10952 46091 38539 81697 56775 7214 5790 26389 45236 67823 89518 83067 42803 78948 11754 71914 29241 37932 27486 13053 16112 48440 63309 68034 1300 92370 10648 63962 50641 3592 56833 77945 49683 95372 75994 22811 18938 
98137 49200 64174 65960 38718 47242 25115 17667 75348 97030 63260 13280 40868 92666 45745 89308 72327 13779 90608 64697 24428 70923 31690 44372 27756 25988 94055 39481 1982 33218 58419 119 82419 38946 82432 37489 2540 7547 55156 77888 20929 34769 7521 61797 27435 53266 67458 99762 83397 58066 80811 24177 45341 12501 68549 89450 38489 78957 28931 40472 12175 3702 56943 94594 59000 39375 32084 77892 63275 3592 55781 84204 54713 79654 46002 98500 32920 13460 14614 32669 87878 95425 56847 33220 24279 41748 22670 62768 20705 67953 19592 49233 88007 76536 43827 63360 32263 92263 41252 95538 
12208 13385 79743 66921 93039 42097 81774 42311 71909 96388 91333 59787 8166 64532 9359 32445 6280 32029 11565 43338 16334 31158 92571 20694 24046 52750 84054 56309 61366 41658 51848 73574 71396 47943 56847 64435 90040 38621 23099 61949 51362 30784 38088 59528 95316 47448 91973 17948 95829 3538 61286 28516 51048 70209 49210 75094 39312 49616 47756 678 91274 15956 90604 62670 63899 47451 43458 53939 2425 82909 32240 53787 13693 70328 13315 25361 17776 21640 43309 29958 25178 20948 58474 92579 91157 7684 67673 46821 57300 31781 63851 64926 47737 54455 43949 11636 18259 3759 81927 20684 
3020 14167 74471 33065 848 4138 58426 34976 25778 1735 64934 67308 22683 23408 59887 30193 31092 43913 93366 4744 75694 57218 86023 39784 11673 46324 51420 29932 50083 49700 66968 69455 80219 41439 2520 81067 61929 60946 16044 87707 79033 97330 55016 18069 20739 14903 64614 68183 75168 57980 89280 50863 15198 75303 90647 43224 21627 58419 73156 88062 24471 56477 57517 4691 14268 60037 2110 76198 20983 34506 63905 16368 31837 35273 34437 68928 66529 99051 37111 41697 57032 26391 8912 88582 18046 15911 31806 39673 90683 4963 44087 15154 77792 1604 19845 92060 61641 21956 68258 98976 
72814 32164 15345 4651 83789 66134 73579 50318 65186 27043 8368 38570 53434 17280 27152 71481 49544 58959 27506 40227 80274 71594 55381 58066 89550 91579 50126 67544 29887 18385 82872 2701 66901 14569 7353 67042 80704 97284 17361 62242 24327 42081 812 94114 59361 27964 81947 8905 3275 9453 65484 83549 97399 20866 57967 3302 12445 8094 70846 42332 42831 53718 45033 9732 68288 68738 93126 65344 66023 10487 27586 6702 52568 28398 816 28282 72714 82763 53539 75990 8569 19024 75891 22320 56242 33859 25622 68687 58305 96468 27371 1136 66539 72404 27220 51179 57495 20346 16523 39870 
47186 44109 46572 16106 88859 47389 44388 77925 46504 14280 53915 55073 49656 46159 77394 5898 96370 19368 74585 54675 32189 18308 55811 98728 7064 99383 66259 64559 19729 82782 4429 83267 43243 67354 99374 32102 31095 60114 10027 77599 74394 80295 49025 24050 26454 42771 29948 39176 62139 20885 93851 94328 39193 66014 9408 62610 65397 75667 27169 1478 74801 47951 84746 18044 15305 84120 50146 46400 44234 76526 40351 34981 73173 89376 59031 15979 32147 5332 55155 94287 42569 49006 4967 81763 15020 30728 44373 96769 6395 87894 98247 81197 52197 82993 15593 67502 83465 82092 30254 27700 
58618 70606 79033 31791 59982 38064 47770 8482 43396 2925 19121 2318 68283 24088 84081 83303 54816 44806 96424 77564 49052 94671 75113 1250 94017 90706 85104 93834 72798 15359 37886 47768 2317 16919 95911 62299 54984 43681 87133 14732 62958 6254 17050 31241 30343 17483 30896 1511 78641 43672 95427 27694 38344 86892 45296 48713 93951 30400 42547 83101 45759 80434 30870 48076 97353 26781 26728 68689 86815 13861 99774 66125 36468 16824 13719 83163 50660 44615 1026 29301 4640 96454 73347 42984 99698 18643 8049 93649 49044 66948 93103 11155 47382 23973 75584 61088 67106 2312 29777 53921 
32525 29551 36399 68993 62728 50118 52156 13388 11085 53183 59041 15725 65989 48741 75061 82039 67384 83110 75689 32780 50059 68792 60288 13793 9117 35872 74881 76223 54536 21011 46497 3413 66914 82896 88759 29642 33014 40915 59382 44099 10450 34776 59825 92791 83517 51238 74831 67253 34349 66872 16386 760 52016 76674 14553 77485 12546 89435 70060 83434 26798 16557 86847 93712 15805 75606 23355 65171 32874 99089 25623 59676 33865 1800 52468 33734 53038 43651 17340 3739 26875 33726 4499 78891 10400 19053 56376 39298 24840 26436 39084 51638 59346 25931 45350 91503 17890 85057 56675 50764 
499 98650 26792 50716 450 79260 84451 69840 39263 18143 73580 66138 51869 78079 61381 78621 13484 17757 17919 38324 60546 57003 6314 19892 99286 68017 27747 33528 69426 774 644 69925 99424 27437 36994 16226 23049 37797 86067 62313 55940 75999 44803 7809 70430 6185 86430 83915 23942 20701 38591 840 94056 61258 37084 9694 29275 64832 43223 98701 65606 43867 84979 81383 71304 38325 97609 94354 76122 28 73019 32062 92379 17822 56223 62810 24007 59005 63077 64302 79706 1668 65142 90114 62926 18579 99808 8553 83411 43031 23607 65369 86899 24938 46752 74555 63263 44362 68909 39385 
