10 100
23333 77262 8720 9984 16813 72909 94262 52813 24274 40715 78248 50989 38547 65379 44731 50698 53068 4337 48027 32808 11424 8102 57296 50408 82441 10239 78475 15533 44018 97301 81177 83703 90915 6249 93687 24080 79159 87949 76893 19785 45016 71493 87126 83564 53224 31858 50614 6292 36195 14993 55452 63971 23096 12749 30731 21889 39340 9206 37423 83358 22859 34952 67062 13774 57554 77101 54206 53065 65051 31099 72850 26419 18945 76328 9983 72169 8186 76949 78462 60733 91943 50266 24704 31391 63015 71787 53280 2356 80994 90703 85714 3853 42008 69128 33980 99562 46230 88186 68979 27633 
19286 58181 54052 54583 34509 80388 26752 42696 57337 21566 19781 65632 71833 60838 97023 34848 32625 50304 37204 13619 57359 39271 17473 99367 24751 67805 15281 70981 55991 612 14966 91629 58793 69019 46212 93303 65759 72965 52351 39448 10883 72132 5081 82716 32970 2104 17565 81948 52408 71121 95567 26120 26744 29392 41839 51496 97197 57121 38829 69541 74085 53796 61170 32879 22815 7383 26182 88574 96700 94885 44374 7583 67017 49455 90300 16340 51560 24217 98288 20320 11690 10207 46440 54787 55952 88280 6283 53149 61753 45112 22690 35838 98908 213 68717 38075 23948 11251 43001 20648 
6136 87376 44583 89506 36831 51235 22198 88391 91804 36838 25064 3495 47045 71504 58282 2997 59784 80917 72499 21537 26029 11541 73728 41290 11754 58797 79365 35702 70049 22367 72702 92537 26095 17286 98395 62926 68521 20593 67670 60326 57431 92734 80173 20829 80590 54807 23826 40375 35724 12677 78264 78105 40571 68344 19395 68677 27142 15113 4380 13543 53832 93434 22432 79927 27072 20828 42853 95594 57773 26875 72272 31557 19609 52445 52386 200 23604 92564 56927 59328 5242 51543 53785 45813 19888 73181 30842 63382 4646 35222 76925 58478 45009 99357 38405 72081 20185 97610 84027 94311 
24486 56299 25868 60447 25096 78254 76999 48700 87170 50278 24380 92412 18174 78166 54577 54414 67699 85420 17796 72345 36994 94721 47175 98355 94078 1932 70437 30616 99542 54464 41279 40380 27116 67147 17180 52212 61753 10531 17265 48923 60810 41645 57688 95336 36163 12265 49750 3862 14037 67546 92559 67384 62267 39734 65739 72697 41666 52528 19665 57561 23345 77296 14293 50461 44443 31473 2673 22548 58357 36290 71472 19167 77936 29160 30855 30451 57777 80605 34314 88167 48151 43225 71903 26770 99312 37642 15819 57330 6523 51837 14891 29868 29133 45537 80329 73577 93362 99354 12477 51719 
35645 83949 87238 29933 29461 18093 60384 3591 98698 11050 91758 46849 54276 63661 89971 69940 17655 5791 27270 24178 57628 58514 70398 86761 4051 50727 76690 97413 66434 89168 49133 18431 89469 36371 48364 18931 54465 25100 38874 53163 36151 30632 16365 6779 10645 6336 76719 44652 28479 3989 85183 86107 62503 71933 89221 82906 22661 65911 80320 5447 71431 45805 23878 60901 82176 88594 96184 52993 13694 35058 22509 66197 82042 55226 72976 9039 77914 66047 70043 6394 86389 71578 92501 65244 43512 81722 48151 82525 63986 44823 87972 51769 90628 28202 12670 89156 16796 25206 58502 46842 
76616 81011 13040 58658 36237 2368 84049 14151 68416 54093 36897 71157 42023 29399 36401 85535 27473 904 68060 7811 45727 72384 59581 52707 586 88603 58216 33734 13810 16718 80577 90426 97729 9969 65437 50318 12337 65838 80821 97105 36283 17719 68262 78307 63470 21016 63842 7295 21920 48255 31459 84000 20639 7392 36707 37578 95995 94923 71312 26157 11641 68241 32936 25722 78210 14725 92392 90548 80563 89566 4005 16847 23637 88620 95154 3459 9636 75348 27106 47908 39955 58565 31908 76947 65957 84968 14525 78305 79891 2189 4462 7885 70431 53750 49959 48641 68475 58704 55541 49039 
48270 59547 65886 88259 64519 77392 91718 90507 69092 35176 38415 25400 10094 86676 2347 92403 71644 16872 70708 67887 19061 91523 92124 5844 45273 58436 54486 13749 17140 10027 79140 81762 85926 61378 70021 50445 55122 78091 40952 24214 13267 95720 65966 23361 98748 68313 15765 70392 1537 2825 54631 36951 94348 46756 42795 55974 5192 97281 69723 38684 23661 65215 20446 25939 26593 6819 76385 81715 84910 33689 22281 14529 45761 88248 54243 44509 72913 70008 31253 74451 89185 85885 27754 83534 48993 70549 39508 70537 84183 25583 9221 24196 90798 46019 50135 33743 69190 42872 15458 70452 
76562 37739 84981 38675 42339 39224 83185 15253 25584 30790 6056 14770 16675 33810 14656 82020 20711 70516 68909 21246 12451 94482 45442 19601 40501 95578 53344 9691 38450 68802 80143 31364 22893 81477 86392 81585 37053 85929 13190 62638 16719 19246 93760 49747 69408 8416 31767 90119 78932 677 11366 91383 95159 56808 10984 52013 68738 80680 78056 23541 65834 74552 71257 88727 56029 57649 86664 93082 43578 99854 72072 60298 35452 65832 26397 4860 90600 58164 94980 69532 75193 22698 77267 86705 95858 4603 38718 64597 85283 33126 4490 51117 7678 75747 56197 80059 49749 42861 73142 93327 
59068 61566 69977 94520 43751 96374 99381 34351 70891 10713 20236 46084 33411 97503 49141 29269 18459 4211 10218 20094 37338 14708 71212 45016 6808 43761 25076 56557 2974 14570 66236 62042 92488 36214 72915 36239 48940 88648 70591 19831 99361 90827 82268 49124 4682 47761 94745 23141 51973 21316 59588 89311 52376 47152 50679 59184 90913 92107 32093 10239 6677 98330 88634 99166 34544 61549 35405 99836 66549 22348 19668 65910 13175 18288 31386 34210 66049 26131 73703 18022 47447 33291 23685 99824 80443 74365 75360 87708 66472 7454 97948 89502 5784 86582 5020 56680 64483 56777 56516 31032 
79126 92536 13294 8653 27176 44680 42863 9578 87163 16567 43952 50963 49858 67638 67139 46654 42003 58851 34362 8475 66305 48662 14329 88441 51596 19349 61473 32431 76127 34342 79815 55253 43230 93109 63906 70407 54141 23122 79985 57657 39689 23937 24972 5899 7927 92111 68905 49930 50962 19620 74758 33620 68282 89087 38413 36231 24789 99887 85014 916 34229 64830 56169 77459 74291 36427 64218 44785 59549 60555 2442 15590 845 27414 37842 8772 35877 6747 75055 3191 26367 66165 36811 11002 71604 75225 63585 96393 91464 48599 97309 25693 13429 69830 19504 4073 22610 75 48858 98511 
