10 100
39892 25551 35365 39453 73717 2956 55969 98298 12896 51131 84935 84619 78338 98315 2808 18788 38875 26857 35570 81810 90165 50548 7277 92114 50738 24189 99556 56451 14048 51804 69340 53940 77356 4705 93394 67425 24013 65715 65723 53262 16846 67010 54233 11536 81677 57041 30324 20552 251 65894 2362 90416 16443 25991 82530 83533 50181 98438 39984 64229 50243 9324 34522 43951 30381 27916 11376 70747 9983 93451 24009 26829 60462 78242 54717 42139 51636 85042 79044 51887 50936 81406 58655 83731 23750 57537 67264 73931 55976 23600 54512 22571 49276 89034 66522 96010 33302 77898 66757 43285 
71349 7118 86466 48163 1712 41184 90303 53348 42578 69347 21587 9866 67105 96594 93598 7207 54132 77214 81138 26460 815 52003 49031 66443 41037 31905 62453 90692 9803 45562 50329 97504 52680 53148 45668 54393 10684 52323 24093 53262 38022 62033 63128 21479 58627 73078 28687 12759 50293 26177 55571 67460 78180 4602 50255 35570 36507 12709 26262 62662 58271 92943 76519 10952 46091 38539 81697 56775 7214 5790 26389 45236 67823 89518 83067 42803 78948 11754 71914 29241 37932 27486 13053 16112 48440 63309 68034 1300 92370 10648 63962 50641 3592 56833 77945 49683 95372 75994 22811 18938 
98137 49200 64174 65960 38718 47242 25115 17667 75348 97030 63260 13280 40868 92666 45745 89308 72327 13779 90608 64697 24428 70923 31690 44372 27756 25988 94055 39481 1982 33218 58419 119 82419 38946 82432 37489 2540 7547 55156 77888 20929 34769 7521 61797 27435 53266 67458 99762 83397 58066 80811 24177 45341 12501 68549 89450 38489 78957 28931 40472 12175 3702 56943 94594 59000 39375 32084 77892 63275 3592 55781 84204 54713 79654 46002 98500 32920 13460 14614 32669 87878 95425 56847 33220 24279 41748 22670 62768 20705 67953 19592 49233 88007 76536 43827 63360 32263 92263 41252 95538 
12208 13385 79743 66921 93039 42097 81774 42311 71909 96388 91333 59787 8166 64532 9359 32445 6280 32029 11565 43338 16334 31158 92571 20694 24046 52750 84054 56309 61366 41658 51848 73574 71396 47943 56847 64435 90040 38621 23099 61949 51362 30784 38088 59528 95316 47448 91973 17948 95829 3538 61286 28516 51048 70209 49210 75094 39312 49616 47756 678 91274 15956 90604 62670 63899 47451 43458 53939 2425 82909 32240 53787 13693 70328 13315 25361 17776 21640 43309 29958 25178 20948 58474 92579 91157 7684 67673 46821 57300 31781 63851 64926 47737 54455 43949 11636 18259 3759 81927 20684 
3020 14167 74471 33065 848 4138 58426 34976 25778 1735 64934 67308 22683 23408 59887 30193 31092 43913 93366 4744 75694 57218 86023 39784 11673 46324 51420 29932 50083 49700 66968 69455 80219 41439 2520 81067 61929 60946 16044 87707 79033 97330 55016 18069 20739 14903 64614 68183 75168 57980 89280 50863 15198 75303 90647 43224 21627 58419 73156 88062 24471 56477 57517 4691 14268 60037 2110 76198 20983 34506 63905 16368 31837 35273 34437 68928 66529 99051 37111 41697 57032 26391 8912 88582 18046 15911 31806 39673 90683 4963 44087 15154 77792 1604 19845 92060 61641 21956 68258 98976 
72814 32164 15345 4651 83789 66134 73579 50318 65186 27043 8368 38570 53434 17280 27152 71481 49544 58959 27506 40227 80274 71594 55381 58066 89550 91579 50126 67544 29887 18385 82872 2701 66901 14569 7353 67042 80704 97284 17361 62242 24327 42081 812 94114 59361 27964 81947 8905 3275 9453 65484 83549 97399 20866 57967 3302 12445 8094 70846 42332 42831 53718 45033 9732 68288 68738 93126 65344 66023 10487 27586 6702 52568 28398 816 28282 72714 82763 53539 75990 8569 19024 75891 22320 56242 33859 25622 68687 58305 96468 27371 1136 66539 72404 27220 51179 57495 20346 16523 39870 
47186 44109 46572 16106 88859 47389 44388 77925 46504 14280 53915 55073 49656 46159 77394 5898 96370 19368 74585 54675 32189 18308 55811 98728 7064 99383 66259 64559 19729 82782 4429 83267 43243 67354 99374 32102 31095 60114 10027 77599 74394 80295 49025 24050 26454 42771 29948 39176 62139 20885 93851 94328 39193 66014 9408 62610 65397 75667 27169 1478 74801 47951 84746 18044 15305 84120 50146 46400 44234 76526 40351 34981 73173 89376 59031 15979 32147 5332 55155 94287 42569 49006 4967 81763 15020 30728 44373 96769 6395 87894 98247 81197 52197 82993 15593 67502 83465 82092 30254 27700 
58618 70606 79033 31791 59982 38064 47770 8482 43396 2925 19121 2318 68283 24088 84081 83303 54816 44806 96424 77564 49052 94671 75113 1250 94017 90706 85104 93834 72798 15359 37886 47768 2317 16919 95911 62299 54984 43681 87133 14732 62958 6254 17050 31241 30343 17483 30896 1511 78641 43672 95427 27694 38344 86892 45296 48713 93951 30400 42547 83101 45759 80434 30870 48076 97353 26781 26728 68689 86815 13861 99774 66125 36468 16824 13719 83163 50660 44615 1026 29301 4640 96454 73347 42984 99698 18643 8049 93649 49044 66948 93103 11155 47382 23973 75584 61088 67106 2312 29777 53921 
32525 29551 36399 68993 62728 50118 52156 13388 11085 53183 59041 15725 65989 48741 75061 82039 67384 83110 75689 32780 50059 68792 60288 13793 9117 35872 74881 76223 54536 21011 46497 3413 66914 82896 88759 29642 33014 40915 59382 44099 10450 34776 59825 92791 83517 51238 74831 67253 34349 66872 16386 760 52016 76674 14553 77485 12546 89435 70060 83434 26798 16557 86847 93712 15805 75606 23355 65171 32874 99089 25623 59676 33865 1800 52468 33734 53038 43651 17340 3739 26875 33726 4499 78891 10400 19053 56376 39298 24840 26436 39084 51638 59346 25931 45350 91503 17890 85057 56675 50764 
499 98650 26792 50716 450 79260 84451 69840 39263 18143 73580 66138 51869 78079 61381 78621 13484 17757 17919 38324 60546 57003 6314 19892 99286 68017 27747 33528 69426 774 644 69925 99424 27437 36994 16226 23049 37797 86067 62313 55940 75999 44803 7809 70430 6185 86430 83915 23942 20701 38591 840 94056 61258 37084 9694 29275 64832 43223 98701 65606 43867 84979 81383 71304 38325 97609 94354 76122 28 73019 32062 92379 17822 56223 62810 24007 59005 63077 64302 79706 1668 65142 90114 62926 18579 99808 8553 83411 43031 23607 65369 86899 24938 46752 74555 63263 44362 68909 39385 
10 100
2024 73603 14668 21224 89576 85998 30489 55697 56495 60031 41010 73546 82940 48343 8281 78631 72044 984 18145 50962 18187 25531 78264 48165 50364 7087 81015 29166 15243 45417 79546 17267 35372 94214 54844 24948 80212 85333 96997 53060 61716 54359 26606 61008 19054 51239 39639 91099 52224 74136 42061 70411 99667 36677 18576 66383 60116 15944 11901 75359 61361 91447 8978 13086 2013 63822 54386 98578 65507 51384 67990 27223 22095 10948 88231 41150 62188 44222 48601 14412 18358 7014 1175 34377 43691 19751 760 3807 35695 12662 79166 13409 4109 4496 26495 22475 68319 80881 21053 50178 
48617 89043 77402 70713 99991 81985 28215 62179 42560 76816 92943 60918 83830 94118 95296 27521 30222 12408 47680 65917 25070 43198 95678 45532 47694 38525 68007 32365 19407 89060 82544 84376 94455 76298 71441 10798 58283 99656 89330 843 76472 82273 78114 76654 76392 89762 20527 6614 2170 68207 88883 43593 27757 914 89125 75452 39439 73484 24169 75198 78896 6713 59575 73351 83011 31016 501 57647 47025 89831 74842 23497 72105 69308 152 64849 75422 20679 71463 93945 5239 76698 37538 32996 77612 43015 24800 17052 16499 48970 92250 11747 72035 68177 1450 71399 15546 1951 45398 62571 
91783 20240 86068 80240 5901 2572 45089 81323 39604 32904 75268 61195 9602 29158 94191 3567 72173 35344 20619 5024 666 29221 16771 72701 97399 34573 44100 29297 36525 5850 91868 44660 26091 94288 24900 31992 96861 86341 29667 52817 19245 4936 14012 45199 34094 24555 48766 22620 59899 85737 27644 76917 14959 60768 49619 28710 95341 10071 58007 48218 15922 66227 9230 58365 60515 50482 6709 73728 36823 36376 26545 72420 41312 56909 17620 91759 81465 66386 14379 57716 68476 58375 34634 99787 19143 605 28497 30837 10676 2856 95407 42950 69083 4638 1315 45950 55120 8024 19679 91944 
60753 46224 80716 2065 3134 98336 10176 951 81075 24555 58667 49551 82931 9653 49338 18426 10258 94187 65615 37287 13395 61023 80237 98830 65661 97905 44780 20781 22281 64459 29077 83034 27036 9794 1452 46522 24482 11628 47473 5557 52536 22492 71460 35467 48498 20798 70245 58756 31337 35861 96043 61084 96884 92633 59914 62545 90538 4695 99678 12819 85506 28756 95854 28894 54902 97306 75416 79384 25286 39241 1294 77822 61734 72754 29641 10232 9905 99887 85340 41242 52100 97736 2327 48984 90369 78593 27881 80907 99640 43911 10078 85147 89019 5932 30393 43921 19590 5810 39658 44877 
45051 40952 22699 23137 13706 52341 49721 23611 68580 51414 81206 20680 49150 99885 86016 39519 78478 30249 36778 78119 90512 46856 79618 79532 52789 10011 39805 88731 32173 79463 49960 77225 20415 72660 16714 50474 41353 82788 90437 26285 50554 71643 63317 99704 87880 65685 39223 66359 12286 92353 60830 2798 39209 40448 82330 8350 66811 22136 97082 98985 17951 47042 92562 54719 36054 9276 5193 93759 8416 11982 20044 58970 99978 99713 75026 87858 65398 14249 54217 77684 6602 15047 80483 62164 71847 79165 70514 38659 17653 83948 37644 35605 30991 30206 90324 83397 55834 11869 77157 80603 
23851 13553 39573 23829 13267 30952 11688 78665 61553 82257 72702 84508 13657 53185 46672 85504 48702 17186 40515 66356 1135 78159 1961 48478 24717 8637 31875 96904 36858 25384 77507 60709 38938 33432 891 68557 64384 28931 47222 25938 27540 19924 10446 41197 89461 57118 43054 38164 90656 99921 4520 8143 78081 22833 56621 19150 31470 4849 16054 68328 46585 93561 45389 1875 26994 62632 70432 7730 91563 17655 33668 19104 53931 44114 76653 43393 17584 36059 97909 8241 35981 2429 16384 30414 41614 89358 49564 73084 10559 81971 57764 57144 75532 3153 59020 18878 82138 29452 26609 73701 
63459 76629 9157 17391 37096 2163 77136 54680 54574 75045 79273 90555 93826 12010 37321 35440 17720 3238 24876 28279 85209 82640 85423 60741 2145 60795 95972 84283 6600 38933 74337 70059 15562 83494 3802 52658 2009 80938 23691 56584 72335 19316 63491 66161 31326 813 1601 65398 4051 26477 93677 89260 25469 95453 66353 27615 56248 78677 28250 62848 17610 2587 49260 33173 2434 53062 2183 4443 34001 42226 77379 6336 61543 40871 88850 9221 58036 6803 74620 62087 33281 84649 67699 75102 80102 50404 2717 52703 29082 30968 31903 46692 49907 81163 96217 52341 50578 98401 73137 931 
40627 50516 23619 18522 7739 12469 44096 82127 19273 18716 60566 68906 19717 28265 44008 99820 78670 63078 68875 24104 10398 778 70796 60305 98294 67014 28999 48872 81767 2136 49803 38746 69004 89774 73621 93096 2244 17717 75223 37869 52785 35790 6775 72502 80407 67135 88674 59077 30213 57549 99533 40611 58328 70330 17269 72974 53696 46268 38198 35463 48404 88001 90561 33760 94127 64182 26856 96371 81899 2080 50592 34684 54222 73719 23539 34629 40855 12213 10059 71068 69763 9592 28032 44443 96274 45301 33769 49970 91569 71967 1785 56325 76320 92347 90085 70447 56529 33294 83171 54781 
51726 33763 5817 5948 7483 29356 56929 48338 57922 66988 35758 27685 92933 80142 88480 89207 41795 22249 55530 49716 10568 73667 6041 86888 66014 12479 57335 38896 45773 40506 93677 13851 90622 15846 36151 98105 45203 93080 62795 3125 76421 14905 47162 85706 95048 51994 74913 36843 90595 46795 86560 1163 20463 8953 88051 2829 37784 61738 41725 99909 18597 51754 13760 9219 67601 49911 23676 29156 59344 2823 48633 35765 17728 95795 21471 29128 64141 12736 65972 54736 75884 68884 55899 96347 94189 60302 15528 31974 38392 57254 31883 56989 25360 45644 82560 9313 11907 6236 38469 71251 
9059 87102 23368 26788 99249 61191 72268 63390 90280 38240 18126 82516 23476 90377 78863 34018 67031 10743 65992 5424 84349 97875 78765 9710 59871 61326 35375 88131 67562 90197 59382 92974 77299 99103 36114 92901 76646 8382 72643 83278 62975 7122 65794 2803 97499 61009 36821 80883 71753 2813 86307 56102 17041 65072 82164 76912 26398 17540 65043 10313 7737 40778 19639 1388 56233 55753 10641 49231 80487 83285 32510 43462 90407 98304 62618 4258 75666 99439 85141 63771 2253 87800 19873 35646 52873 18390 12558 95623 35930 93954 22288 60019 51084 58279 77759 7317 14032 88401 56548 10872 
10 100
23333 77262 8720 9984 16813 72909 94262 52813 24274 40715 78248 50989 38547 65379 44731 50698 53068 4337 48027 32808 11424 8102 57296 50408 82441 10239 78475 15533 44018 97301 81177 83703 90915 6249 93687 24080 79159 87949 76893 19785 45016 71493 87126 83564 53224 31858 50614 6292 36195 14993 55452 63971 23096 12749 30731 21889 39340 9206 37423 83358 22859 34952 67062 13774 57554 77101 54206 53065 65051 31099 72850 26419 18945 76328 9983 72169 8186 76949 78462 60733 91943 50266 24704 31391 63015 71787 53280 2356 80994 90703 85714 3853 42008 69128 33980 99562 46230 88186 68979 27633 
19286 58181 54052 54583 34509 80388 26752 42696 57337 21566 19781 65632 71833 60838 97023 34848 32625 50304 37204 13619 57359 39271 17473 99367 24751 67805 15281 70981 55991 612 14966 91629 58793 69019 46212 93303 65759 72965 52351 39448 10883 72132 5081 82716 32970 2104 17565 81948 52408 71121 95567 26120 26744 29392 41839 51496 97197 57121 38829 69541 74085 53796 61170 32879 22815 7383 26182 88574 96700 94885 44374 7583 67017 49455 90300 16340 51560 24217 98288 20320 11690 10207 46440 54787 55952 88280 6283 53149 61753 45112 22690 35838 98908 213 68717 38075 23948 11251 43001 20648 
6136 87376 44583 89506 36831 51235 22198 88391 91804 36838 25064 3495 47045 71504 58282 2997 59784 80917 72499 21537 26029 11541 73728 41290 11754 58797 79365 35702 70049 22367 72702 92537 26095 17286 98395 62926 68521 20593 67670 60326 57431 92734 80173 20829 80590 54807 23826 40375 35724 12677 78264 78105 40571 68344 19395 68677 27142 15113 4380 13543 53832 93434 22432 79927 27072 20828 42853 95594 57773 26875 72272 31557 19609 52445 52386 200 23604 92564 56927 59328 5242 51543 53785 45813 19888 73181 30842 63382 4646 35222 76925 58478 45009 99357 38405 72081 20185 97610 84027 94311 
24486 56299 25868 60447 25096 78254 76999 48700 87170 50278 24380 92412 18174 78166 54577 54414 67699 85420 17796 72345 36994 94721 47175 98355 94078 1932 70437 30616 99542 54464 41279 40380 27116 67147 17180 52212 61753 10531 17265 48923 60810 41645 57688 95336 36163 12265 49750 3862 14037 67546 92559 67384 62267 39734 65739 72697 41666 52528 19665 57561 23345 77296 14293 50461 44443 31473 2673 22548 58357 36290 71472 19167 77936 29160 30855 30451 57777 80605 34314 88167 48151 43225 71903 26770 99312 37642 15819 57330 6523 51837 14891 29868 29133 45537 80329 73577 93362 99354 12477 51719 
35645 83949 87238 29933 29461 18093 60384 3591 98698 11050 91758 46849 54276 63661 89971 69940 17655 5791 27270 24178 57628 58514 70398 86761 4051 50727 76690 97413 66434 89168 49133 18431 89469 36371 48364 18931 54465 25100 38874 53163 36151 30632 16365 6779 10645 6336 76719 44652 28479 3989 85183 86107 62503 71933 89221 82906 22661 65911 80320 5447 71431 45805 23878 60901 82176 88594 96184 52993 13694 35058 22509 66197 82042 55226 72976 9039 77914 66047 70043 6394 86389 71578 92501 65244 43512 81722 48151 82525 63986 44823 87972 51769 90628 28202 12670 89156 16796 25206 58502 46842 
76616 81011 13040 58658 36237 2368 84049 14151 68416 54093 36897 71157 42023 29399 36401 85535 27473 904 68060 7811 45727 72384 59581 52707 586 88603 58216 33734 13810 16718 80577 90426 97729 9969 65437 50318 12337 65838 80821 97105 36283 17719 68262 78307 63470 21016 63842 7295 21920 48255 31459 84000 20639 7392 36707 37578 95995 94923 71312 26157 11641 68241 32936 25722 78210 14725 92392 90548 80563 89566 4005 16847 23637 88620 95154 3459 9636 75348 27106 47908 39955 58565 31908 76947 65957 84968 14525 78305 79891 2189 4462 7885 70431 53750 49959 48641 68475 58704 55541 49039 
48270 59547 65886 88259 64519 77392 91718 90507 69092 35176 38415 25400 10094 86676 2347 92403 71644 16872 70708 67887 19061 91523 92124 5844 45273 58436 54486 13749 17140 10027 79140 81762 85926 61378 70021 50445 55122 78091 40952 24214 13267 95720 65966 23361 98748 68313 15765 70392 1537 2825 54631 36951 94348 46756 42795 55974 5192 97281 69723 38684 23661 65215 20446 25939 26593 6819 76385 81715 84910 33689 22281 14529 45761 88248 54243 44509 72913 70008 31253 74451 89185 85885 27754 83534 48993 70549 39508 70537 84183 25583 9221 24196 90798 46019 50135 33743 69190 42872 15458 70452 
76562 37739 84981 38675 42339 39224 83185 15253 25584 30790 6056 14770 16675 33810 14656 82020 20711 70516 68909 21246 12451 94482 45442 19601 40501 95578 53344 9691 38450 68802 80143 31364 22893 81477 86392 81585 37053 85929 13190 62638 16719 19246 93760 49747 69408 8416 31767 90119 78932 677 11366 91383 95159 56808 10984 52013 68738 80680 78056 23541 65834 74552 71257 88727 56029 57649 86664 93082 43578 99854 72072 60298 35452 65832 26397 4860 90600 58164 94980 69532 75193 22698 77267 86705 95858 4603 38718 64597 85283 33126 4490 51117 7678 75747 56197 80059 49749 42861 73142 93327 
59068 61566 69977 94520 43751 96374 99381 34351 70891 10713 20236 46084 33411 97503 49141 29269 18459 4211 10218 20094 37338 14708 71212 45016 6808 43761 25076 56557 2974 14570 66236 62042 92488 36214 72915 36239 48940 88648 70591 19831 99361 90827 82268 49124 4682 47761 94745 23141 51973 21316 59588 89311 52376 47152 50679 59184 90913 92107 32093 10239 6677 98330 88634 99166 34544 61549 35405 99836 66549 22348 19668 65910 13175 18288 31386 34210 66049 26131 73703 18022 47447 33291 23685 99824 80443 74365 75360 87708 66472 7454 97948 89502 5784 86582 5020 56680 64483 56777 56516 31032 
79126 92536 13294 8653 27176 44680 42863 9578 87163 16567 43952 50963 49858 67638 67139 46654 42003 58851 34362 8475 66305 48662 14329 88441 51596 19349 61473 32431 76127 34342 79815 55253 43230 93109 63906 70407 54141 23122 79985 57657 39689 23937 24972 5899 7927 92111 68905 49930 50962 19620 74758 33620 68282 89087 38413 36231 24789 99887 85014 916 34229 64830 56169 77459 74291 36427 64218 44785 59549 60555 2442 15590 845 27414 37842 8772 35877 6747 75055 3191 26367 66165 36811 11002 71604 75225 63585 96393 91464 48599 97309 25693 13429 69830 19504 4073 22610 75 48858 98511 
