100
15 11987
19 185423
16 49050
21 896257
4 7
15 13780
8 79
11 436
8 247
5 0
19 367402
24 10952078
26 15259150
10 375
11 1921
20 704250
1 1
26 1365299
8 14
27 43841969
27 127859774
9 496
26 22871644
11 1890
6 38
28 183644482
19 467687
24 5364376
24 15625978
9 210
27 30629051
21 515281
20 55061
18 63360
17 78905
23 4288232
20 467126
2 0
25 24078461
12 3941
18 225514
8 243
15 20343
6 7
10 923
5 13
5 5
17 40615
4 3
6 29
13 1880
17 32883
13 4958
2 0
1 0
21 440063
6 44
9 154
5 30
21 2073877
20 635131
21 1781617
13 7105
10 731
6 0
12 1920
27 9559294
4 7
18 84842
10 55
2 1
12 2065
13 809
19 487197
18 231949
3 1
28 145573428
23 2441576
15 16203
3 1
3 4
21 134947
6 44
2 2
5 18
24 12504480
26 49078660
4 8
11 93
18 52052
25 5831335
28 42292594
27 97864
9 209
16 2846
16 24862
18 89412
18 94612
7 12
8 136
