14778
245352
57431
752513
4
12094
104
366
140
0
480959
16028489
10272009
460
1089
1040775
1
2015146
9
64128361
72450593
264
32670066
1235
53
260778467
308116
7944148
10049927
187
20640486
275129
48287
35904
110117
6412700
307437
0
30989379
2263
182431
138
26828
4
598
11
7
53748
2
19
1268
49226
6897
0
0
388480
58
215
17
1079199
878726
1489097
5665
950
0
1088
14234241
4
126687
44
1
3097
701
317587
151307
1
217834798
3662300
8430
1
6
198834
58
3
27
14789488
60461382
12
115
44798
7636980
63438795
115052
185
3729
20881
127974
117086
10
204
