15
-60 -1 -91 -11 44 -54
-44 -95 -83 -2 -54 6
-43 -5 -91 3 16 -27
-45 -21 -91 -29 -9 -67
-99 -7 -51 -94 10 -40
-59 -42 -38 -57 -35 -31
-61 -85 -35 -52 -28 -29
-50 -86 -99 9 -74 -24
-25 -81 -46 60 -46 20
-91 -12 -40 -81 81 -11
-78 -14 -61 -42 75 37
-4 -72 -87 57 17 -65
-33 -60 -64 -13 -9 -64
-5 -73 -81 -3 -9 -75
-32 -75 -54 48 -40 -15
15
-90 -91 -74 -41 7 -59
-100 -6 -5 -87 49 32
-12 -26 -71 64 20 9
-23 -58 -41 25 -14 34
-93 -36 -48 -40 9 -8
-7 -93 -99 64 -85 0
-62 -92 -7 -29 -18 -7
-30 -38 -26 21 0 47
-68 -33 -33 -25 35 30
-81 -25 -73 -58 55 -49
-37 -75 -69 28 21 23
-84 -66 -48 -74 -46 -22
-38 -58 -60 51 36 -29
-38 -74 -2 -9 -53 64
-8 -8 -7 63 8 67
15
-4 -69 -1 75 -21 47
-29 -35 -18 -5 -8 -16
-98 -11 -55 -55 67 -16
-26 -60 -83 -2 -39 -45
-57 -35 -69 31 2 30
-38 -67 -18 -24 -55 13
-38 -64 -4 58 -52 19
-1 -86 -36 95 -77 7
-65 -65 -65 -61 -5 -56
-6 -45 -26 19 -2 -15
-24 -42 -4 35 -18 57
-10 -14 -3 28 68 6
-87 -67 -25 -10 -38 60
-28 -84 -80 32 -64 -48
-79 -85 -61 16 7 -26
15
-41 -79 -7 14 1 62
-84 -78 -45 -19 -66 44
-74 -23 -25 -72 -17 -21
-61 -21 -27 -50 70 18
-4 -88 -88 31 -29 -31
-30 -82 -22 -15 -8 -12
-16 -58 -16 75 -50 80
-67 -66 -27 -59 22 52
-36 -73 -90 53 18 -37
-65 -13 -83 -18 9 -54
-96 -55 -53 -62 5 20
-56 -3 -84 -28 37 -8
-24 -75 -38 -23 -42 13
-67 -50 -70 28 -11 -49
-51 -74 -92 -33 -48 -9
15
-53 -18 -72 -6 -1 -32
-80 -87 -11 8 7 19
-84 -30 -45 -5 42 -4
-18 -43 -57 -6 9 -23
-14 -47 -39 32 25 48
-71 -81 -31 -62 -15 7
-50 -61 -48 41 18 -2
-79 -4 -84 -50 71 -44
-78 -91 -51 -13 -70 -49
-49 -41 -45 -37 -35 34
-49 -13 -49 24 84 20
-89 -1 -92 -74 89 -52
-39 -36 -64 -9 9 -1
-78 -33 -28 -6 51 17
-74 -65 -95 7 -65 -32
15
-39 -97 -50 25 -21 49
-67 -60 -50 -25 -5 43
-18 -31 -91 52 20 -37
-67 -27 -27 -62 70 30
-98 -77 -56 -91 -20 40
-78 -30 -100 -53 4 -72
-76 -33 -32 -49 28 44
-28 -5 -3 53 60 45
-65 -2 -27 -5 53 44
-83 -42 -6 -70 -25 -3
-90 -60 -27 -80 -43 -20
-10 -59 -73 1 -39 15
-13 -8 -16 23 65 33
-16 -40 -100 41 -20 -93
-20 -11 -83 55 -8 -48
15
-22 -35 -73 -18 -8 -29
-89 -83 -63 -51 -55 -53
-21 -33 -98 42 -30 -70
-88 -61 -12 -24 -12 49
-28 -71 -50 61 -15 -45
-24 -65 -78 -21 26 -29
-1 -46 -81 88 -1 18
-1 -76 -81 0 11 -7
-71 -49 -86 -1 -33 -23
-17 -12 -8 16 17 41
-9 -94 -64 4 -33 15
-85 -39 -67 1 11 11
-15 -99 -98 41 -97 -57
-69 -16 -7 -24 -10 54
-40 -11 -99 -36 63 -69
15
-95 -35 -64 -2 -4 34
-28 -2 -89 -22 34 -76
-64 -27 -86 -25 3 -18
-68 -39 -48 -43 19 -38
-14 -82 -1 73 -8 73
-30 -20 -9 -24 5 65
-44 -2 -76 -25 54 -16
-68 -8 -66 30 75 -50
-33 -84 -23 38 9 12
-18 -68 -95 63 3 -64
-93 -59 -89 -42 -59 0
-23 -92 -13 -21 -64 82
-86 -88 -61 -86 -77 -38
-84 -22 -9 -39 27 27
-68 -69 -32 21 -4 60
15
-79 -76 -67 -47 -49 18
-27 -95 -6 33 -36 68
-93 -27 -14 -46 -1 35
-78 -58 -73 -65 -18 -44
-99 -28 -88 -29 34 -59
-86 -17 -46 -39 50 -13
-15 -59 -10 16 -6 39
-95 -39 -25 -52 -31 -24
-7 -70 -5 65 25 30
-99 -4 -92 -33 14 -70
-5 -68 -95 -4 -36 -23
-65 -31 -35 -40 -31 -16
-73 -43 -20 -19 -43 20
-45 -55 -30 -43 -37 -13
-10 -29 -35 40 8 1
15
-28 -15 -80 49 71 -28
-99 -27 -27 -80 24 46
-62 -70 -70 8 14 13
-90 -9 -72 -58 84 -26
-51 -65 -30 -37 20 -23
-50 -43 -8 21 43 23
-25 -60 -44 -24 -1 -37
-26 -51 -63 31 -32 -42
-60 -71 -36 8 -10 22
-33 -38 -7 4 -10 24
-4 -21 -12 37 -19 15
-28 -71 -33 52 -41 -7
-12 -43 -25 65 -29 21
-49 -94 -25 -34 -20 63
-75 -59 -50 -4 -29 28
