109 1111111110 1111111111111111111111111111111111111111111111111111111111111111111111111111111111111111111111
113 111111111111110 11111111111111111111111111111111111111111111111111111111111111111111111111111111111111111111111
131 1111110 1111111111111111111111111111111
141 1111111111111111111111111111111111111111111111111110 111111111111111111111111111111111111111111111111111111111111111111111111111
149 11111111111111111111111111111111111110 1111111111111111111111111111111111111111111
153 11111110 1111111111111111111111111
167 11111110 1111111111111111111111111111
177 111111111111111111111110 11111111111111111111111111111111
179 111111111111111111111111111111111111110 11111111111111111111111111111111111111111111111111
181 11111111111111111111111111111111111111111111111111110 1111111111111111111111111111111111111111111111111111111111111111111111111111111111111111111111111
193 11111111111111111111111111111111111111111111111110 11111111111111111111111111111111111111111111111111111111111111111111111
