109 1111111111111111111111111111111111111111111111111111111111111111111111111111111111110000000001
113 11111111111111111111111111111111111111111111111111111111111111111111111111111111000000000000001
131 1111111111111111111111110000001
141 111111111111111111111110000000000000000000000000000000000000000000000000001
149 1111100000000000000000000000000000000000001
153 1111111111111111100000001
167 1111111111111111111100000001
177 11111111000000000000000000000001
179 11111111111000000000000000000000000000000000000001
181 1111111111111111111111111111111111111111111100000000000000000000000000000000000000000000000000001
193 11111111111111111111100000000000000000000000000000000000000000000000001
