-187 -390 -218 -229 -278 -383 -394 -174 -307 -463 -306 -280 -135 -358 -433 -35 -306 -83 -339 -46 -204 -252 -198 -157 -60 -153 -489 -488 -377 -331 -297 -211 -369 -14 -440 -294 -397 -333 -468 -352 -444 -422 -280 -79 -428 -213 -114 -233 -296 -101 -279 -148 -353 -125 -304 -412 -277 -441
206 -33 234 119 -356 -239 180 -404 -433 -198 -256 -377 -120 -35 -104 -48 -396 -218 -429 -191 -467 -207 -487 -319 -480 -291 -379 -257 -231 -75 -58 -151 -420 -219 -439 -426 -319 -169 -330 -252 -15 -233 -277 -283 -268 -29
-180 127 -196 -85 141 -136 -368 -170 -429 191 118 132 -293 -422 -116 -374 7 138 -42 -173
120 86 72 -58 68 -172 -113 157 -132 271 -335 107 214 146 135 136 9 306 2 188 269 287 -111 -364 -162 -293 -459 -476 -379 -484 -424 -349 -471 -5 -306 -120 -289 -295 -356 -313 -472 -432 -68 -210 -185 -63 -464 -17 -391 -311 -143 -39
348 335 352 -277 -182 -34 -189 -46 -436 -200 -118 -311 -445 -9 -259 -186 -371 -359 -233 -1 -249 -75 -487 -99 -388 -405 -164 -60 -7 -292 -195 -274 -311 -289 -183 -164 -473 -166 -22 -56 -366 -288 -15 -458 -297 -422 -292 -168 -281 -24 -317 -29 -99 -304 -276 -135 -208 -440 -194 -363 -232 -37 -136 -190 -325
-108 -86 -396 -424 -367 -420 -240 -44 -166 -192 -319 -301 -48 -407 -143 -410 -138 -179 -194 -328 -152 -161 -330 -98 -442 -354 -247 -88 -314 -60 -192 -70 -294 -235 -141 -160
51 -244 399 56 -164 -291 -351 -51 -709 349 16 315 -568 -330 -522 -633 -363 -367 -217
-121 -132 -247 -441 -24 -41 -253 -248 -477 -343 -222
267 95 447 -3 184 288 114 -393 -258 -165 414 -227 -43 -48 -78 -151 -438 -356 -272 -217 -251 -360 -241 -440 -113 -137 -65 -104 -359 -291 -288 -163 -359 -304 -59 -66 -470 -80 -197 -446 -199 -411 -320 -390 -459 -46 -40 -44 -49 -460 -261 -448 -320 -150 -35 -81 -287 -100 -184 -294 -390 -472 -457 -397
0
-27 -472 -63 -418 -491 -123 -89 -438 -33 -256 -269 -271 -393 -132 -6 -218 -75 -365 -306 -95 -89 -286 -167 -355 -22 -275 -372 -316 -236 -64 -135 -411 -36 -198 -329 -175 -469 -65 -113 -1 -469 -30 -420 -362 -161 -426 -228 -384 -439 -33 -478 -176 -467 -293 -30 -489 -68
-304 -114 -87 -214 -298 -285 -191 -473 -401 -404 -233 -50 -373 -263 -470 -234 -72 -44 -110 -455 -483 -143 -81 -306 -110 -374 -484 -246 -442 -34 -199 -394 -296 -286 -256 -242 -218 -446 -215 -119 -498 -448 -169 -370 -358 -287 -252 -430 -331 -362 -385
-436 -4 120 -16 -152 162 -82 -246 -171 -267 56 -208 146 -437 85 -12 -140 -35 179 -421 -128 -69 37 132 178 64 -74 -214 -211 59 87 206 55 208 -163 52 -279 256 -46 -169 -399 -499 -104 -126 -471 -110 -446 -453
-362 -447 -260 -45 -186 -69 -239 -423 -214 -395 -385 -481 -220 -245 -246 -297 -379 -130 -132 -107 -467 -348 -247 -185 -332 -487 -221 -164 -63 -88 -200 -73 -182 -108
-325 -4 -87 -39 -399 -471 -167 -267 -216 -413 -212 -243 -43 -343 -498 -10 -339 -245 -195 -171 -380 -64 -483 -91 -299 -183 -164 -129 -438 -429 -145 -411 -432 -231 -449 -479 -202 -116 -393 -66 -177 -105 -457 -220 -96 -455 -378 -435 -348 -220 -106 -228 -284 -89 -319 -231 -419 -131 -360 -5 -59 -4 -416 -139 -383 -13 -266 -233 -277 -159 -447 -454 -411 -404 -322 -7 -7 -199 -441 -355 -419 -47 -231 -351
-81 -350 -181 -89 -355 -388 -241 -271 -27 -124 -283 -440 -5 -60 -99 -452 -161 -10
-192 411 -291 -524 601 80 193 -332 -115 -172 90 -212 -640 -524 -99 -281 -167
-232 -500 -143 -219 -355 -322 -467 -319 -354 -115 -200 -44 -369 -331 -470 -366
-155 -475 -133 -240 -333 -236 -315 -103 -101 -196 -27 -86 -449 -258 -234 -92 -125
244 -119 -286 -6 60 -289 -36 242 21 -82 -141 109 -18 -267 63 -161 131 -137 -120 -8 -314 164 166 -63 435 107 -396 -276 -480 -200 -485 -220 -51 -400 -223 -454 -7 -95
-75 -85 -400 -306 -214 -248 -269 -383 -232 -245 -129 -184 -116 -470 -207 -485 -46 -326 -84 -305 -97 -147 -487 -347 -58 -7 -466 -20 -222 -307 -436 -297 -392 -483 -103 -105 -379 -20 -136 -259 -264 -265 -443 -28 -383 -150 -13 -77 -476 -96 -29 -72 -243 -16 -67 -448 -171 -33 -468
-51 -189 -379 -34 -440 -484 -413 -459
57 -59 -39 400 239 -413 -208 -289 -36 -304 -318 -256 -194 -334 -323 -142 -4 -356 -258 -397 -343 -309 -234 -222 -343 -321 -354 -404
-1 -226 293 -201 -273 132
355 -135 4 174 94 199 -37 73 -132 -355 -117 -377 -306 -251 -19 -321 -298 -368 -272 -381 -21 -41 -220 -164 -144 -382 -449 -398 -48 -140 -197 -204 -139 -378 -83 -480 -379 -315 -373 -457 -318 -138 -481 -123 -389 -500 -92 -335 -368
-85 -87 -365 -224 -465 -448 -352 -492 -411 -373 -96 -228 -158 -77 -351 -195 -225 -91 -29 -240 -454 -245 -277 -359 -180 -125 -203 -146 -71 -445 -307 -156 -32 -172 -27 -144 -267 -379 -284 -178 -399 -380 -54 -57 -457 -53 -252 -329 -143 -281 -69 -97 -25 -346 -104 -353 -119 -306 -499
-453 -345 -430 -125 -372 -74 -40 -398 -358 -365 -297 -385
-220 -374 212 132 -68 364 -236 6 311 17 79 294 -58 186 50 150 -13 323 105 -73 39 -82 -38 -154 60 390 143 215 -210 -197 -332 71 -71 29 203 -139 -333 -257 -199 -40 -138 -162 -100 -286 -430 -307
-214 -95 -123 -255 -449 -212 -210 -58 -199 -216 -189 -133 -92 -308 -252 -372 -126 -59 -291 -254 -466 -143 -311
-114 -359 -190 -462 -437 -62 -324 -32 -333 -79 -129 -45 -437 -187 -392 -153 -24 -25 -392 -332 -425
-132 -203 -211 -98 -345 -170 -277 -110 -284 -284 -447 -394 -221 -9 -365 -400 -490 -444 -29 -182 -380 -363 -222 -181 -35 -246 -221 -366 -319 -485 -472 -450 -187 -331 -196 -180 -1
-377 -388 -160 -506 -369 182 -33 297 -24 -169
-444 -144 -466 -477 -265 -239 -18 -252 -60 -197 -182 -409 -58 -288 -270 -141 -74 -165 -117 -81 -74 -412 -221 -454 -453 -195 -17 -42 -202 -377 -251 -294 -168 -364 -270 -433 -251 -436 -185 -310 -133 -14 -367 -191 -450 -137 -332 -24 -449 -97 -253 -23 -157 -473 -477 -110 -168 -142 -299 -18 -18 -198 -459 -334 -62 -229 -267 -460 -165 -100 -270 -298 -262 -137 -137 -211 -422 -117 -383 -371 -213 -135 -41 -370 -108 -166 -127 -424 -455
-119 710 101 94 -81 -484 83 -521 26 172
-216 355 252 113 -142 -48
-356 -728 -29 60 -283 -543
-72 178 -293 -206 -397 -230 -566 -53 -590 -495 -482 -317 -164 -605 -10 -105 -372 -550 88 -105 -54 193 -143 -405 158 -274 -120 -302
-195 -278 -418 -355 -124 -203 -80 -474 -64 -287 -16 -411 -469 -49 -87 -104 -46 -438 -83 -377 -320 -8 -405 -123 -344 -84 -234 -265 -208 -120 -269 -403 -46 -335 -406 -169 -38 -485 -143 -101 -420 -306 -160 -36 -3 -247 -140 -49 -185 -223 -74 -152 -230 -127 -275 -74 -359 -157 -339 -67 -424 -255 -118
226 70 -17 -567 -523 -611 -485 -580 342 -216
-375 -584 27 -500 283 335 110 127 449 0 9 50 -183 -241 -289 29 10 157 90 48 -137 -7 -173 193 -157 -359
-127 -497 -112 -230 -113 -406 -85 -82 -372 -73 -234 -67 -82 -1 -241 -489 -498 -312 -305 -287 -281 -108 -410 -370 -188 -361 -434 -199 -206 -290 -113 -480 -435 -373 -358 -48 -278 -443 -277 -298 -16 -11 -365 -245 -160
-315 144 -413 -437 -722 -520 -160 56 -374 -364 -62 10 -133 -117 223 73 41 -155
-127 -53 -219 -417 -239 -27 -219 -438 -375 -328 -37 -106 -95 -350 -23 -102 -304 -382 -111 -270 -19 -129 -182 -132 -11 -125 -335 -237 -238 -500 -164 -12 -201 -383 -429 -440
660 385 137 -60
-270 -394 -99 -210 -61 -294 -35 -228 -153 -21 -96 -395 -83 -404 -489 -441 -385 -16 -71 -77 -228 -215 -33 -296 -123 -353 -249 -407 -307 -107 -342 -225 -148 -89 -434 -209 -383 -117 -436 -36 -286 -32 -78
-160 -405 31 258 86 -16 148 159 -13 -363 215 -288 -95 392 -28 -405 -58
-32 -337 -417 -138 -376 -291 -188 -37 -166 -486 -253 -496 -391 -311 -51 -444 -106 -187 -354 -283 -441 -199 -143 -128 -76 -230 -331 -184 -179 -492 -408 -211 -329 -325 -497 -205 -264 -333 -390 -430
70 219 195 11 135 -203 -326 39 -6 237 -195 -210 211 183 196 188 233 -25 -270 -134 377 -303 122 -8 -189 -407 -26 -218 -485 -492 -8 -59 -350 -110 -480 -151 -465 -439 -454 -454 -135 -308 -235 -459 -386 -393 -113 -296 -230 -260 -466 -278 -235 -257 -119 -63 -164
-44 -309 -131 -356 -101 -59 -153 -385 -144 -157
-140 -99 -144 -359 -486 -405 -64 -328 -48 -376 -57 -83 -301 -229 -496 -486 -16 -187 -53 -207 -496 -184 -63 -245 -391 -215 -278 -34 -372 -444 -372 -160 -191 -16
334 205 12 -55 -128 -28 28 247 311 -90 266 -238 -29 -390 -457 -173 -73 -19 -417 -464 -382 -343 -146
-562 -257 -371 -521 -293 -340 -61 -17 -95 -295 210 -136 -426 -158 -195 -430 -472 -163 -467 -254 -184 -264 -229 103 -235 109 -328 66 80 41 410 0 232 -250 -23 -11
-372 -212 -65 -212 -446 -417 -4 -427 -366 -67 -425 -64 -156 -352 -361 -15 -493 -20 -162 -402 -327 -65 -235 -469 -147 -457 -196 -141 -390 -264 -31 -262 -476
-69 -160 -477 -496 -26 -192
-348 -421 -99 -11 -61 -267 -173 -463 -242 -386 -346 -211 -180 -451 -407 -321 -341 -319 -351 -250 -443 -94 -223 -12 -254 -348 -156 -428 -39 -224 -166 -35
-193 -2 -328 -366 -464 -70 -399 -458
-56 -336 -400 -45 -303 -399 -295 -246 -493 -18 -257 -247 -13 -61 -323 -200 -285 -489 -383 -225
-110 -536 -123 -91 -268 -79 28 -322 219 -439 -320 -85 4 321 41 -223 76 57 225 12 -174 77 -62 208
-120 -223 -144 -75 -82 -392 -403 -491 -12 -457 -425 -72 -146 -454 -269 -131 -360 -32 -412 -275 -410 -238 -1 -301 -50 -284 -198 -15 -177 -346 -146 -296 -217 -290 -19 -299 -330 -69 -438 -489 -174 -362 -61 -320 -316 -478 -99 -324 -158 -11 -247 -68
-17 -299 -179 -214 -462 -355 -60 -255 -299 -277 -45 -466 -224 -22 -183 -310 -11 -357 -320 -220 -177 -136 -198 -424 -108 -3 -435 -354 -71 -331 -249 -235 -130 -76 -449 -239 -431 -9 -494 -378 -434 -187 -491 -306 -209 -174 -264 -368 -30 -83 -236 -355
-30 -442 309 -292 -33 106 55 -199 106 -219 92 -262 -32 -12 165 -350 -257 -226 -37
-112 -24 -68 -149 -141 -16 -284 -497 -395 -427 -347 -300 -153 -383 -195 -332 -424
-125 -50 33 -26 417 -392 -53 -107 329 70 117 417 182 -14 -529 -212 -549 -323 -206 -229 13 -353 -182 -239 -7
-146 -450 -479 -411 -249 -58 -363 -23 -118 -86 -333 -113 -440 -229 -313 -309 -125 -433 -68 -303 -472 -238 -88 -354 -38 -105 -159 -14 -172 -443 -488 -318 -393 -114 -377 -289 -172 -240 -460 -290 -474 -293 -51 -414 -22 -364 -371 -295 -297 -438 -246 -417 -176 -334 -271 -361 -87 -77 -23 -259 -20 -158 -225 -413
-350 -444 -138 -310 -382 -112 -251 -81 -174 -421 -445 -44 -216 -390 -482 -462 -307 -306 -444 -225 -315 -178 -302 -337 -85 -322 -495 -309 -383
-232 -7 -344 -190 -37 -104 -440 -118 -277 -361 -63 -469 -224 -101 -99 -334 -408 -405 -425 -281 -367 -103 -83 -352 -188 -53 -495 -145 -435 -410 -351 -315 -65 -343 -5 -102 -95 -93 -220 -372 -453 -431 -341 -325 -32 -440 -159 -88 -492 -84 -368 -7 -187 -99 -359 -374 -151 -354 -167 -86 -412 -18 -49 -477 -9 -54 -79 -103 -294 -447 -475 -395 -378 -463 -220 -58 -51 -379 -294 -191 -110 -162 -198 -297 -260 -57
-59 -133 -145 -471 -151 -194 -448 -159 -396 -175 -262 -338 -122 -385 -233 -148 -496 -101 -354 -194 -479 -147 -385 -237 -309 -230 -182 -217 -287 -148 -276 -345 -281 -69 -464 -432 -411 -411 -239 -306 -234 -149 -144 -355 -181 -24 -3 -325 -125 -356 -19 -252 -151 -403 -489 -460 -133 -318 -324 -68 -466 -248 -61 -247 -316 -172 -327 -227 -83 -213 -181 -465 -10 -472 -320 -191 -496 -470 -15 -269 -474 -34
185 134 -69 -93 132 398 -81 -89 -304 -290 -484 -268 -462 -310 -495 -193 -171 -175 -157 -181 -147 -477 -371 -291 -95 -34 -60 -69 -216 -228 -342 -300 -32 -74 -314 -155 -279 -43 -243 -231 -332 -375 -499 -294 -185 -493 -486 -4 -316 -291 -184 -463 -416 -55 -402 -10 -237 -462 -227 -453 -337 -68 -401 -17 -142 -214 -172 -69 -257 -63 -299 -89 -437 -298 -30
-126 39 -139 471 -201 114 68 -404 156 -239 -398 -231 -113 -112 -51 -182 -17 -113 -481 -253 -198 -278 -283 -468 -217 -95 -389 -471 -198 -346 -485 -69 -154 -252
-266 -371 -182 -246 -124 -380 -172 -55 -495 -37 -298 -384 -156 -496 -377 -140 -64 -31 -392 -309 -229 -169 -457 -425 -308 -428 -167 -178 -12 -21 -247 -278 -392 -76 -172 -163 -104 -492 -366 -99 -28 -163 -130 -184 -159 -7 -472
59 -71 259 -7 104 177 -449 274 186 36 -108 -3 -52 270
-355 -316 -132 -288 -100 -121 -148 -402 -83 -21 -374 -292 -319 -385 -77 -288 -59 -466 -249 -246 -101 -238 -97 -366 -207 -254 -286 -499 -281 -187 -450 -284 -3 -82 -220 -251 -351 -16 -153 -434 -184 -174 -226 -3 -207 -303 -291
-335 -151 58 -550 -229 -337 -296 -160 113 -408 43 92 -340 -415 -47 -90 -17 -484 -444 -60 24 -224 -9 150 -447 77 182 -224 433 -45 -279 -154
-14 -37 -19 -70 -245 -415 -61 -457 -44 -267 -478 -370 -466 -191 -42 -184 -114 -363 -230 -483 -89 -413
-53 -332 288 -18 -308 132 301 -171 53 -165 122 21 5 -71 311 263 208 30 14 -138 -415 -288 -322 -176 -299 -199 -159 -387 -112 -360 -106 -237 -211 -387 -217 -177 -99 -467 -8 -143 -236 -205 -284 -68 -463 -382 -444 -135 -253 -189 -273 -316 -125 -242 -492 -423 -441 -151 -458 -53 -10 -212 -438 -369 -99 -302 -45 -346 -269 -201 -489 -152 -406 -421 -368 -17 -450 -311 -151 -203 -148
-18 -9 172 -31 279 -216 90 -440 -77
-289 33 131 -88 -264 -223 -8 -141 -64 -268 -337 -41 -290 -62 -197 -266 -400 -467 -76 -105 -461 -154 -365 -240 -135 -341 -175 -317 -92 -207 -4 -80 -314 -218 -437 -156 -89 -99 -121 -301 -367 -106 -490 -157 -168 -187 -70 -67 -301 -146 -320 -262 -448 -185 -150 -231 -174 -325 -48 -413 -31
-153 128 -421 -346 48 -167 79 -233 114 69 2 -136 53 -122 -97 -327 16 -244 -1 7 103 -44 -156 -150 -46 175 5 88 -103 -151 128 244 329 -293 397 25 41 125 -415 -410 -453 -289 -399 -261 -495
-498 -434 -271 -360 -166 -462 -424 -210 -182 -158 -158 -76 -252 -83 -413 -260 -270 -351 -205 -4 -50 -293 -425 -49 -52 -348 -83 -423 -64 -141 -340 -210 -74 -259 -70 -388 -369 -142 -98 -199 -300 -404 -275
67 -436 112 -167 -106 75 124 -429 -432 30 -73 -632 -198
-139 -329 -467 -96 -168 -25 -456 -430 -430 -450 -27 -442
-215 -79 373 -45 111 -173 -336 -143 -63 240 -144 -171 -437 -88 -248 -126 -296 -35 -455 -263 -130 -271 -436 -86 -201 -14 -36 -227 -104 -33 -333 -18 -485 -403 -305 -170 -315 -270 -416 -380 -289 -208
-82 16 397 726 198 256 274 400 505 -703 124 -92 -529 -77
-138 -322 -291 -376
-303 -178 -478
-51 -82 -182 -72 -102 -223 -42 -92 -284 -35 -41 -141 -21 -109 -240 -297 -223 -199 -42 -312 -336 -364 -103 -212 -110 -4 -163 -287
-369 -32 -366 -51 -252 -468 -274 -294 -207 -206 -477 -248 -347 -145 -5 -86 -90 -228 -433
-77 -15 -83 -208 246 -293 -185 -24 163 -428 -57 -456 -294 -108 -208 -409 -30 -150 -116 -236 -275 -12 -82 -420 -17 -316 -10 -393 -249 -142 -432 -17 -433 -223 -146 -334 -165 -437 -22 -441 -13 -79 -45 -454 -335 -401 -363 -365 -51 -127 -101 -326 -139 -331 -393 -304 -147 -403 -197 -43
37 49 60 204 -131 -86 21 432 -235 -128 -134 5 150 -152 227 -139 -279 90 -119 -259 306 -115 -52 -161 -290 -330 -35 -214 -417 -164 -467 -16 -20 -413 -217 -211 -260 -281 -415 -306 -472 -72 -178 -450 -207 -90 -232
-209 -351 -35 -441
-417 -305 46 -184 435 52 -751 277 -895 61 -5 -851
-28 -427 -385 -110 -155 -387 -228 -342 -330 -139 -494 -75 -155 -103 -47 -339 -430 -448 -489 -330 -423 -286 -393 -109 -318 -417 -396 -176 -258 -261 -497 -285 -187 -382 -43 -490
-413 -115 -26 -473 -469 -360 -224 -16 -199 -154 -111 -336 -132 -182 -121 -173 -291 -87 -90 -186 -263 -347 -95 -407 -280 -430 -289 -471 -420 -353 -390 -399 -99 -448 -20 -216 -308 -244 -231 -155 -46 -342 -490 -325 -24 -111 -498 -463 -198 -87 -297 -108 -82 -391 -15 -362 -321 -452 -333 -388 -305 -223 -435 -52 -319 -455 -267 -126 -347 -146 -281 -393 -136 -271 -218 -308 -30 -215 -271 -375 -450
235 -117 207 86 -284 -146 -199 -56 -58 -153 46 -161 -304 101 250 140 213 32 242 -244 -167 -214 112 -266 223 -377 228 10 251 -306 251 -14 77 -42 220 -206 -189 21 -262 254 -131 -225 -113 -257 -73 -219 -24 -313 -462 -209 -418 -160 -72 -387
-210 -67 -240 -330 -573 155 -314 11 89 184 -202 142 198 43 66 -243 181 204 236 -196 -147 275 29 -449 -30 100 359 -197 -19 -76 -14 399 103 -238 -106 -27 158 -127 -165 247 57 282
-499 -28 -54 -25 -285 -138 -117 -76 -388 -285 -460 -378 -90 -331 -386 -177 -287
-52 -458 -421 -180 -203 -233 -153 -145 -325 -93 -177 -241 -92 -205 -443 -265 -137 -81 -382 -361 -117 -315 -469
-299 -28 -229 -86 -206 -276 -286 -164 -196 -113 -14 -77 -266 -307 -402 -7 -484 -143 -99 -337 -86 -363 -122 -314 -393 -483 -79 -207 -99 -221 -260 -398 -249 -489 -132 -102 -412 -417 -414 -256 -30 -76 -333 -444 -383 -235 -450 -15 -25 -197 -499 -259 -60 -269 -221 -100 -251 -299 -455
-215 -396 -416
-166 -263 -93 -228 -19 -123 -303 -352 -214 -334 -235 -164 -496 -408 -361 -495 -166 -68 -264 -387 -168 -163 -334 -271 -161 -353 -486 -205 -269 -337 -232 -435 -248 -473 -163 -267 -95 -114 -267 -457 -447 -149 -121 -443 -57 -130 -438 -371 -346 -350
