2
16
3
27
7
4357186184021382204544
13
6375878705569492556053274604090435049261171662848
17
4916271892611181155539943025267544344454228798276744782924652099609375
24
156959014209110079842135876197361087612605460638813472472650403682788167093676157057285308837890625
16
115792089237316195423570985008687907853269984665640564039457584007913129639936
22
9173994463960286046443283581208347763186259956673124494950355357547691504353939232280074212440502746218496
24
1953004723225204521892560573026446517140359270641027648723214362299658004963291409770815362207534932625271572056187782025556109917899718656
