50
886 -617
6915 2777
8335 -2207
-9508 -4614
-8579 6649
27 -7638
-9941 -1310
3926 7763
-6574 -9460
5736 -828
5368 -4789
6429 -7433
-8470 -4218
-4877 -7138
-6865 4067
9802 3929
-6942 4022
8167 3069
8456 -8607
8042 5011
7373 6229
-5081 -5579
8537 3784
4324 5198
-5630 8315
-6474 -3587
-1020 6091
-8127 9956
9170 -3138
7281 -3004
-9075 -7695
6327 7084
-3495 -9664
-8271 846
-4143 -8687
3895 6124
-9455 9582
3367 8814
364 5434
3750 -5957
-3192 1087
-2822 7276
3584 5788
-7349 -4597
2399 2754
5060 9932
3368 -324
12 -2261
8586 6226
7539 -1906
