12491 12497 12503
12541 12547 12553
12577 12583 12589
12641 12647 12653 12659
12829 12841 12853
12967 12973 12979
13037 13043 13049
13171 13177 13183
13451 13457 13463 13469
14537 14543 14549
14741 14747 14753 14759
15149 15161 15173
15187 15193 15199
15307 15313 15319
15461 15467 15473
15761 15767 15773
15791 15797 15803 15809
15901 15907 15913 15919
16091 16097 16103
16217 16223 16229
16421 16427 16433
16481 16487 16493
16561 16567 16573
16607 16619 16631
16763 16787 16811
16931 16937 16943
16981 16987 16993
17041 17047 17053
17321 17327 17333
17419 17431 17443
17471 17477 17483 17489
17839 17851 17863
18211 18217 18223 18229
18329 18341 18353
18427 18433 18439
18719 18731 18743
19457 19463 19469
19471 19477 19483 19489
19571 19577 19583
19597 19603 19609
19727 19739 19751
19937 19949 19961
20101 20107 20113
20117 20123 20129
20149 20161 20173
20183 20201 20219
20341 20347 20353
20509 20521 20533
20719 20731 20743
21157 21163 21169
21649 21661 21673
21893 21911 21929
21991 21997 22003
22039 22051 22063
22067 22073 22079
22247 22259 22271
22441 22447 22453
23321 23327 23333 23339
23761 23767 23773
23789 23801 23813
23887 23893 23899
24071 24077 24083
24091 24097 24103
24407 24413 24419
24671 24677 24683
25373 25391 25409
25457 25463 25469
25609 25621 25633
25667 25673 25679
26029 26041 26053
26171 26177 26183 26189
26387 26393 26399
26687 26693 26699
26717 26723 26729
26981 26987 26993
27061 27067 27073
27767 27773 27779
28057 28069 28081
28591 28597 28603
28921 28927 28933
29167 29173 29179
29251 29269 29287
29327 29333 29339
29587 29599 29611
29867 29873 29879
30047 30059 30071
30091 30097 30103 30109
30307 30313 30319
30431 30449 30467
30631 30637 30643 30649
30971 30977 30983
31039 31051 31063
31321 31327 31333
